0	25	-1.4859839687444416
0	154	-0.04215369660465573
0	283	-0.2497063970835153
1	461	-0.4571524751371516
2	87	1.1674866729368008
2	408	-0.412828836136413
4	807	0.0022511013751877256
5	168	1.9625762582712152
5	210	-0.06415343469621673
5	754	-0.9201861113518244
6	555	-1.0589076703548872
6	577	0.9011594991067852
6	704	-0.542673895589306
6	990	-1.1141491668113699
7	720	-1.1668843210891893
8	396	-0.062085386799536055
8	457	-0.2695076043540878
8	794	0.8971069284811181
9	276	-0.47739305062981047
9	512	1.3210914612535167
9	916	-0.6760892763376697
10	34	-0.18401452008428687
10	155	-0.1746292678574611
10	446	-1.045146238346189
10	448	-1.0077994723077175
10	885	0.27281057401732417
11	35	-0.07691279583171556
11	64	0.5343683223517733
13	139	-0.0028892776268750896
13	199	1.312500125754069
13	306	1.3906377508570644
16	17	-1.2699131388420886
16	317	-1.5361183709043307
16	862	0.4586468132744002
17	444	-0.3080513510099756
17	447	-1.1540432344546543
17	944	-0.03147632114531552
18	1	-1.679803019876015
19	127	-0.4991381377751197
20	522	1.134715437667301
20	607	-1.6062474487588274
20	938	-1.4112225314155242
22	309	-0.40234678915962313
22	424	0.8943545695759593
23	134	0.005265823616181207
24	254	0.46392854370565556
24	784	0.005236540704257365
24	820	-0.5865258397766576
24	899	-0.15332172360675045
24	917	-1.5271776291282753
25	165	0.56709367928956
26	477	0.04232908051990236
27	702	-0.8133929048508395
28	110	2.7602275976027997
28	376	0.440724290376477
28	919	-1.5656791240105765
29	445	-0.2514138784868343
29	920	-0.8522295681664958
30	215	-1.331929146478395
30	353	-0.15147009682333645
30	517	-0.23127046268730347
34	339	-0.10699635258984946
34	792	0.28754577178950963
35	146	-1.178504963218791
35	410	0.5589828158964573
35	687	-2.5707039590836946
37	342	1.3421003046758242
37	572	0.7376120870894808
37	846	0.651361850651965
38	678	-0.7828665467333482
38	780	-0.32483659391674086
39	139	0.6366000130422658
39	797	-0.5522679049586858
40	574	0.6332292787473619
40	620	-0.47053875480166724
41	320	-0.35448986917206615
41	594	0.06392846324476034
41	741	-0.26164520965411914
43	500	0.6511553441473293
44	756	-0.3506036635016299
44	887	0.47057330997843844
45	765	-1.4180700416776444
46	38	1.0305473757850172
46	382	0.8685035142322401
46	857	-0.739910674950088
47	41	1.5203760800408725
47	123	-1.125637839137246
47	906	0.496796203459933
48	279	0.36459783867074264
48	675	-0.411754759302649
48	899	-1.085892857786644
49	125	0.6168279843907755
49	481	-0.11086945570554668
50	592	-1.1036366704207632
50	606	0.05143198094252965
51	155	0.9704810895300421
51	260	-0.22674555970054708
51	636	-1.0391916570834125
51	710	1.9265121269666006
52	237	-0.9359392082039183
52	285	1.8210390226981696
52	796	-1.1343586260720901
52	991	0.960387671579811
55	713	-0.33094958779340944
55	925	0.06014141968626301
56	529	1.978011043827077
57	193	-0.2835481135147095
57	514	-0.2872150958215746
57	535	-0.07072468630795198
58	838	0.44436695376755597
59	27	0.879572615952381
60	459	-2.0929232838202116
60	659	2.5827825766536234
61	269	1.4207860677645676
61	271	0.8290837687439407
61	835	-0.310256267832058
62	843	-0.6498945447246904
62	944	0.015798479998453605
63	91	1.0003007289519206
63	395	-0.908498279315494
64	425	0.9469196180843654
64	774	-0.7390756885894556
65	882	0.8850329271085253
66	151	0.18354661172851314
66	366	-0.5893147521030949
66	837	-0.24269738092877347
66	910	1.3332599162977705
67	281	-0.183482798448612
67	503	1.2517529682486974
67	882	1.0544498709267272
67	926	0.7303274142336257
67	943	-0.14524958107507088
68	435	-0.4898181654767055
68	546	-0.7057502769983123
68	806	1.2268264484772389
68	873	0.9938800278485974
69	267	0.21668312966691555
69	660	0.6174515920191515
70	864	0.43807311830554535
72	443	0.34474647788863555
72	633	-0.28558206044666007
72	693	-0.6641727545894656
73	753	-0.8226408469243173
74	218	1.0741244325283523
74	474	-0.17630960593151215
74	511	-0.7187407236072145
75	339	-0.5163527470366723
75	976	0.005880803310130846
76	96	-0.4063881885043861
77	195	0.4057141179119641
77	770	1.2721783839631653
79	277	-1.1617587716176165
79	495	-0.265227936813711
79	741	0.13456163887322883
79	805	-0.7132452848977431
79	847	-1.9462412785208083
80	106	0.16907359533132704
80	945	0.7369070292038308
81	872	-1.306042200148841
82	123	0.4010306103015569
82	666	0.5860582775435963
82	768	0.9253543509500733
82	967	-1.6759049876301348
83	448	-0.9699171763748985
84	808	-0.8417245826441667
86	126	-1.0391950100345768
86	510	-2.2627175673927447
88	21	0.5172225031775483
88	133	-0.4569511074203638
88	386	-2.1548347109724144
89	35	0.4180277236209628
89	949	-1.6599005382344834
90	351	1.1512586642311313
90	445	-1.8882600494123878
90	908	0.5912422451987782
91	625	0.8701424818042477
91	903	-0.10167264169754703
92	249	0.3690321266018263
93	255	0.4944935939882987
93	275	-1.0546399879132653
93	518	0.8110245492140271
93	811	-1.6133671560730476
93	911	-1.6475513615163404
94	228	0.17738755497710745
94	827	0.5558760783546912
95	50	0.4711583222864117
96	310	-0.9120087559068503
96	411	1.0358819062396631
96	785	-1.0038001763356421
97	497	0.3052734109200565
98	71	0.9145812933724802
98	412	-0.5179226975974818
98	435	0.18831915422340198
99	43	-1.2940247837085062
99	967	0.25566810980836757
100	719	-0.8203020146118017
100	989	-0.041456641303194874
101	773	1.9679108418141917
102	67	-0.8649143937701664
102	184	-0.662950593286854
102	457	-0.3144132483475553
103	367	0.9397497879269674
103	416	0.9514014929950035
104	362	1.048543154820233
104	667	-0.15560113916368068
104	791	1.0766364318398518
105	22	0.24994124234213191
106	259	-0.13350387787836093
106	604	0.9650860181434592
107	46	1.6754619110634543
107	91	-0.11582070268337194
107	242	2.2306644334511683
107	363	-0.24655571075924956
107	574	0.7555096659305744
107	803	1.5085852850034769
107	895	-0.4883298246949542
108	78	-1.6098775152258906
108	610	0.5446778233501232
108	914	-1.1772149829530827
108	917	-0.7735574118253461
109	854	-0.3150740944336951
110	220	1.3690315572878973
110	548	0.6705171878872807
111	746	0.2887872575554053
112	84	1.138755564452247
112	472	-0.5036015726100095
112	584	-0.3421061977989004
112	930	-1.031219870480918
114	67	0.41061193470238766
114	517	0.07627485188647695
114	531	-0.8630038475617559
117	197	0.33875706170495706
117	658	-0.6696407191495778
117	930	0.002878248998056275
117	966	0.58684767494884
118	69	0.6514640952988501
118	182	-0.921067462303226
118	264	-0.07430251622429698
119	473	-1.2095833431200764
119	574	-0.9703742149913459
120	601	0.31805301809266573
121	112	-0.2758749883063717
121	421	0.00819919479592312
123	546	1.1693267085118488
123	554	0.8612525143887864
123	617	-0.43593406651766803
123	631	0.5898055535195142
124	315	-0.09394374305317682
125	872	-0.5057067088095643
126	423	0.3289655704844299
128	928	-1.6124140210357467
129	137	0.6314680966550648
129	836	0.5890760643755047
130	742	1.2551451605847528
130	893	-0.8197803621690665
130	982	0.9852407855748655
131	907	1.4580388248723575
132	38	0.7196470526689012
132	94	-0.15121214776070493
132	597	0.40806204167222454
132	691	0.4628087175822539
133	467	0.8642499614040229
134	125	-0.10872045719897722
134	343	0.12579465836877982
134	451	-1.2310248850738874
134	655	0.4294914458024133
134	699	0.7618579901830694
134	814	1.3935084799435853
135	722	1.28499467748856
136	367	0.7465256828491471
137	39	-0.47280167967827835
137	132	-1.0328389678467913
137	703	-2.456028092811091
137	798	-0.021392999797422745
138	355	0.3345876519807493
138	644	-0.1493390589787081
138	755	-0.2060259175781556
139	22	0.9024623123215157
139	244	-0.865964381624889
139	889	1.1521627423681438
140	154	-0.02637518785747757
141	467	-0.5584425066750425
142	576	-1.6508976610654638
143	448	0.5211008009316555
144	640	1.492456540910351
144	912	-1.0717525030961546
145	858	-0.5920494739359948
146	596	0.8189055074453433
147	326	-0.41937505166952754
148	317	0.6148668769968518
148	491	0.768513257698291
149	377	-0.6529151533461158
149	506	-0.08860294772272297
150	761	0.6628300817360561
150	969	-0.42930032224865466
151	208	-0.26898090300032457
151	493	-0.6400194975867697
152	124	1.3075987394393247
152	483	0.7271744336839087
152	580	-0.3666683831127372
153	888	-0.17291863773685207
154	18	0.862673073007662
154	180	1.464551935998482
154	816	-2.4989340410895764
154	925	1.2367377848602488
155	298	-0.659146744726783
155	888	-0.4882580314609248
156	62	-2.2185693434168914
157	993	0.41815996431426045
158	264	0.9500634838592492
158	696	-1.5183410418099352
159	59	-0.9721383716378312
159	394	0.4246000403226928
159	595	-0.11413952403652011
160	406	-0.6267909695419885
160	628	0.552906727939924
160	903	1.1062271149650618
162	8	0.2704506624335651
162	804	-1.7775605018105751
162	867	1.519335567580249
163	446	-0.8463438738956526
163	580	0.8918121263086914
163	585	0.36791257897635404
163	647	0.07976799393585901
164	57	0.37300844875408073
164	89	-0.23203522766774246
164	298	-0.2802027923277116
165	528	-1.0065680412164995
165	613	-0.23687397856124442
166	22	0.5556211445415282
166	520	0.07068811977672775
167	48	-0.31814064013482846
167	355	0.8954029658749331
167	529	-0.9982425105065783
167	855	0.27577355996872954
167	871	1.0872324433484644
169	611	0.7495087284149409
169	914	-1.5493300623542148
170	260	1.5428034546555123
170	460	0.25132789864978766
170	637	-1.1004208895322096
170	858	0.4684955653655713
171	937	-1.120593369238803
172	2	-0.1274424456832209
172	209	-0.16363430751024297
173	101	-1.8394653548666768
173	300	0.2314737764729267
173	786	1.11335592127818
173	868	-1.9287021840577145
174	113	1.3221968779859659
174	165	-0.09392808437398113
174	862	-1.196640542785424
174	941	-0.11714756400361705
175	793	0.47322446626396875
176	58	-1.4748587239312678
177	110	0.636644254263513
177	775	1.1857168580570148
177	886	-0.9285721100738965
178	258	-0.0113026580197018
178	448	0.697345485379292
180	640	-1.4300554339806375
181	21	1.5986760181515827
181	36	-2.0259621885061754
182	35	-0.7006677843996288
182	653	-1.180137938226438
182	722	-0.987971633368027
182	832	-0.05644555887014676
183	447	-0.569996640479729
183	809	0.19992411525959763
183	818	0.13629605745445647
184	192	0.33933318000970497
184	414	-0.2256858789159552
185	102	0.8959834349433834
185	425	-0.004614362064295232
186	328	0.4878315589755125
186	607	-0.9386134551910591
186	670	-0.7182015189076834
188	218	-0.00903454956573956
188	377	1.2531516492407846
188	885	0.20759382846506064
189	321	-0.19388831421005984
189	763	-0.11458124559094965
190	812	0.5950479563649416
190	846	-0.16871308574859642
191	150	0.5505531355500468
191	597	0.9904655456772778
192	629	-0.5894688952434055
193	128	0.06639168769410382
193	868	-0.6686027195590788
194	529	0.3001688363431639
195	187	0.7594926827068837
195	336	0.6222279083189491
196	72	-0.566982883371226
196	288	0.5248112135312214
196	482	-0.41615258604474686
197	3	0.30558852371806605
197	193	0.41603759774586385
197	264	0.5898746320055873
197	595	-0.027061156665186586
197	749	-0.24622360274337207
198	115	0.27267039318493913
198	367	-0.1900412746428514
199	777	1.8463980051484405
199	972	-0.39181262950929685
200	296	-0.16269462622212177
200	312	-0.6025009019114683
200	586	0.8060260095603397
201	755	1.4037330394104741
202	469	-0.3056774050727264
203	646	0.7189391908833697
203	692	-1.713531422273218
203	834	0.1797868814152932
204	677	-1.063885104258015
204	800	-0.5111462706343329
205	544	-1.4933367665014636
206	197	0.89967306267008
206	430	1.5929109088089455
207	24	-0.661796580560135
207	155	-0.6837161626814624
207	598	-0.17112439749033226
208	10	-0.5275974919710305
208	66	-0.004306525483000848
208	607	-1.147615456365153
208	629	1.1813010677768303
208	900	-0.23171141129528916
210	565	-0.16153286895205915
210	620	0.7085240618339129
210	795	-0.15703034793974827
210	937	0.47227422206507397
211	259	0.5569750602223096
212	275	-0.8901681262994243
213	696	0.5892632168750421
214	806	0.8843161867383209
215	535	0.08258002655932088
216	639	-1.526550593378682
216	964	0.4336857382888006
217	166	-1.1775124028440387
217	535	-1.0046491548611558
217	948	-0.3287710779525809
219	996	0.01879920010597415
220	128	-0.04912558488143429
220	527	0.19139018127717738
220	700	-0.5963536186672954
220	778	0.21373383486141126
220	853	-1.8324784042010205
221	567	-2.262330909063795
221	741	0.38976834291988743
221	864	-0.8196618003879801
222	520	-0.4852224847845833
222	712	-0.445279905987926
224	238	0.6082352751055374
224	375	-1.5077008464939565
224	604	-0.23254760496968258
226	223	1.0941823927337055
226	849	-0.6214152005810218
226	899	0.8570559534256301
227	183	0.32919733623373404
227	490	0.152678956622869
227	504	-0.3937076581460874
227	547	0.8938440576769838
227	571	-1.4670280959238267
228	580	0.06984860414229868
228	750	0.12875859632501593
231	552	-0.02830333897577
232	456	-0.2955362205640579
233	599	0.6173522204623474
233	780	0.6191050734780089
234	24	0.8787247000181085
234	296	-0.09921943923744626
234	347	-0.3266071225903883
234	495	1.4717911600988518
235	163	0.2123772329145548
235	363	0.5821319442559134
235	672	-0.5813155501781838
236	501	0.11748865760702025
237	592	-0.3934227162641489
238	582	0.8217517244484379
239	459	-0.3911731535834628
239	620	0.7708324675721788
240	166	-0.4111263767882185
240	256	0.21143423967451913
241	188	1.1767095755521084
242	173	-0.48719209114682954
242	174	-0.4611807253394892
242	787	-0.29412478654990737
243	808	-0.47844755263214306
243	912	-0.8963901237493754
244	634	-0.7176895538721701
244	794	-0.40380122614627123
245	537	0.06255813816238379
245	984	0.3675550279552596
246	90	1.380640862027066
246	430	-0.8920034154425603
246	925	0.6287902261850712
247	965	0.17687044829984003
248	337	-0.11032565880396067
249	449	0.34457314296564145
249	747	0.09759245938173082
250	10	-0.9933164548522573
250	213	-1.3578368861904324
250	559	-1.7592834465949374
250	565	0.7671216115594887
250	811	-1.1572328726457033
251	198	0.6845071830575111
251	802	0.4633967245738762
252	675	-0.7557477098344264
253	177	1.4289317808359308
253	564	-1.3062500469668463
253	996	0.2415691329097564
254	66	-1.4335497806505266
254	154	-1.8905949874431993
254	255	-0.47323795179274913
254	264	-1.1117383034471349
254	788	-1.5303875962111162
255	918	0.2828310142667601
256	351	-0.6377833470259031
256	403	0.06259992437050566
256	879	2.1784071123041304
257	53	-0.13085967242280447
257	609	-1.4781770160521828
258	39	1.0686863786551957
258	825	-0.021455220270318556
258	881	1.1336667851248046
259	237	0.16880922371270432
259	567	0.6138953221694192
259	980	-0.10096506877804046
260	598	1.9281738423782941
261	273	-0.9998994564705089
262	387	-1.5210859157842394
263	293	-0.025091956420782394
263	611	0.965531127311138
263	952	-0.31275983174859884
264	54	0.19875108466541203
264	224	1.4285614555352166
264	679	1.8179511610094332
264	962	-0.7111101902636661
265	140	-0.7101994253331534
265	214	-1.0337926501192094
265	550	-0.5548099536932902
265	576	-0.15991557237383278
266	257	-0.4814842778456179
266	279	-0.39229187639322294
266	671	-1.173012507085469
266	816	2.3125434877770203
268	515	0.5091015785485258
269	112	0.36507961564555824
269	882	0.7937276918344437
270	402	-0.4346138125669078
270	673	0.3339348260420778
270	777	-0.05610220475131755
270	816	-1.9820934516062485
271	229	-0.1302527735548513
271	341	0.31301039743826764
271	609	-0.5454845217330181
271	878	0.8732124099715689
272	341	0.3363496573319837
272	865	1.4849632577642524
273	845	1.0262161336663276
275	426	-0.7576512719028825
275	480	0.21758866096687987
276	369	0.4659785669869397
277	269	0.7860321968196574
277	579	-0.11886624127464068
277	889	2.3027879303351275
277	933	-0.24391853060939117
278	403	-0.1524191351829239
278	812	0.621137338888247
279	311	1.8909247105853497
279	639	-1.8712550737698985
279	869	0.5088714135476592
280	372	-0.4553358344162189
281	340	-1.2978972910128959
281	376	-1.6192974027459914
281	943	-0.45118217484366496
284	63	-1.4279557405979306
285	305	-1.7123210754743299
285	327	0.18290329282317688
286	743	0.08476734168772694
287	672	0.05666210187575755
288	394	0.9786963778394819
288	486	1.4148279281134193
288	743	-0.4007965473954184
289	290	0.24635474580906447
290	204	-1.4121962873808998
290	777	-0.37047282473098253
291	872	0.5130415437408198
292	778	-1.0669526255996171
293	224	1.2603704422539823
293	652	-1.6553444794995018
294	613	-0.43025241472707637
294	972	-0.6697036697795756
295	89	-0.17616378196539828
295	250	0.912514252753588
295	552	-0.1361004912369068
295	559	-0.24819230379512164
296	226	0.7290920714756438
296	483	-1.0041948577633193
296	554	-0.8903382419573488
297	69	0.7759576240612402
297	304	0.04793581367320801
297	569	0.632616071382691
298	619	-1.886589358065315
301	181	-0.5472198782806179
301	211	1.1164768301383434
301	746	-0.20495224575584708
302	601	0.05255473745068126
303	314	-0.6596928100188573
303	942	2.48289140059365
303	999	-1.4793542609585333
304	236	1.5243083053149313
304	240	3.025322546363912
304	320	-2.253523467574864
304	560	-1.9646183324595987
304	831	-0.21617119825493006
305	7	-0.3819993997940547
306	687	0.06572067826196679
306	982	-1.8933836028423554
308	430	-1.0672186069524954
308	797	0.5480396025314167
309	63	-1.2536262455747105
309	71	-0.7043484925977668
309	790	-0.27419678689208943
310	36	-0.3731196688893607
310	885	0.1580238320825845
311	28	-0.14556884026366698
313	469	1.1527129756707157
314	9	-0.23401340339997295
314	536	-1.0524929840945942
314	552	-0.9979363225010606
315	451	2.2020199989913487
316	450	-0.2979673098609751
319	295	1.433017034414497
319	310	-1.2460746924700912
319	980	-0.5654330373093321
320	526	-0.19345716187855397
320	720	0.07391879898290638
320	739	-0.650652597585393
320	906	-0.7599206775739171
321	365	1.4741847788249556
321	643	1.0119195964613898
321	653	1.4667039337746666
322	387	-0.02517104920139337
322	976	0.2132948066560502
323	352	-2.1313954999692717
323	409	0.44961449411918136
325	265	-0.05312437227115436
325	771	2.2759103907385088
326	643	0.3473717319066411
326	799	-0.07573741123512392
326	871	1.7346762039183847
326	875	-1.3515329015101816
327	444	-1.581234159605859
328	902	-0.03922874249353125
330	12	0.36289883341520524
330	384	-1.035252288871794
331	390	-0.5150075215693385
331	588	-0.05372505045763503
332	24	-0.8989469186508711
332	230	0.23258569051194922
332	239	-1.3801333713215256
333	382	-2.370834998958352
335	185	1.4486493778766116
335	196	-0.2445339195932668
336	172	0.1157706831769726
336	232	-0.7209377933535772
336	811	0.40577466346298224
337	94	1.0428677501200598
337	609	0.3273828709561382
338	473	-0.737570662642085
338	654	0.761775032575497
339	131	0.2636229825746814
340	5	-1.1005218099372638
340	699	0.19347254788095192
342	218	0.5519367114632177
343	208	1.018060822986648
344	415	-1.019148781339165
344	428	-1.5624413484627173
344	960	1.8216626495154795
345	109	0.7599394027181854
345	740	1.17570944205682
348	684	1.2944012498354165
349	95	0.7449674841053893
350	281	-1.3098105841446388
351	194	-0.3507271215108776
352	175	1.0231520685470532
352	638	-0.5099157199072598
353	18	-0.8408234794133573
353	715	-0.46985295788621734
354	184	-0.8229210772052389
354	454	-1.0951073445657231
355	73	0.9576164050161023
355	722	-0.04190452858148378
355	898	-0.6878575036062383
355	970	-0.06537149674275912
356	264	1.488585001009883
356	485	1.934898725252554
356	568	-0.8110494174429094
357	627	1.1460671222416698
357	930	-2.7562778753839705
358	67	-1.312968434537775
358	690	0.15266700185785187
359	807	0.0999501999798366
359	994	0.46214078898572475
360	556	0.2907709470436959
361	367	-1.180905404919901
362	319	0.03557728763466064
362	891	0.20851018046176667
362	903	0.8674022989001988
363	38	-1.0819658429287755
364	49	-1.6303965082527208
364	537	1.0805759913505395
365	19	-0.11642018903348914
365	922	-0.22907913611181183
366	97	-0.7324407852326995
366	242	1.5613618713812565
366	321	-0.5153877606713775
366	780	0.9729683064199686
366	839	-0.36848912207655415
366	962	-0.9273780507200319
367	94	-0.7347402452255704
367	190	-0.4657495280793255
367	578	0.5581411242385876
368	166	0.5369690282916161
369	847	0.40028592869574653
370	401	1.1426795160921703
370	855	-1.7176311725622817
370	883	0.6080059837459431
372	482	-0.5268001915512607
372	695	0.47965375163188556
372	780	0.22470538547831942
373	761	0.7722116047096883
373	800	-0.13547445545133363
374	302	-0.20389968355536495
375	634	-0.9641316186294099
376	183	0.3501088513242772
377	77	-0.37710320399449576
377	961	-1.5286045839885276
378	86	0.6875452400818505
378	153	2.2633102915688723
379	22	1.9862104609731837
379	379	1.299409975731975
379	701	-0.2943265344266909
381	798	-1.5504136385921168
382	463	-0.3947635951143224
382	806	0.6294750892516755
383	578	-0.5183599290212992
383	774	-0.2655113670540367
384	712	0.3586538933660068
384	867	-0.11406576168574449
385	103	0.055503072538163015
385	468	-1.7746069072486919
386	680	-0.6385597067754651
387	339	0.7153657156111928
387	422	-0.09719841812674723
387	652	1.136465212201866
388	211	-2.8133396963730473
389	134	-0.8782096795778264
389	284	-0.2998710192834312
389	464	0.13540364514247816
390	218	-1.1350458726258772
390	263	-1.2586579815084684
391	290	0.6610426879749793
391	445	-0.887100153800911
391	729	-0.43139937136996565
392	999	-1.3171181165664756
393	386	-0.1330922570093949
393	963	-0.8056877870859698
394	32	-0.182948709323214
394	149	-0.35440164486685294
394	653	-0.37721269752485154
394	707	-1.2529998522812271
395	262	0.030631987258752776
395	731	-0.8195304740833227
396	59	-0.8399910470973705
396	219	-0.31688040232951215
396	387	-1.518734342067627
396	769	-0.2938836234672487
397	220	-0.37499486439557156
397	223	0.1325375633791963
397	234	-2.229046425763144
397	530	1.654661951261398
397	804	0.27754073322375034
398	68	-0.060899139016855855
398	293	1.5747292017324919
399	9	-0.3738336302218773
399	470	-0.6878950166407013
399	660	-0.20995540890099468
399	669	-0.5060895402635299
399	775	0.45455511063990256
399	800	-0.05892183666519089
399	865	1.4901872057399814
399	974	0.1635401405930738
401	532	0.3310602314836004
401	949	0.2765312241301375
402	418	0.3149005233024529
403	204	0.4264703565318139
404	189	-0.28174461844128046
404	291	-1.2721150193318276
404	699	0.5459080149757691
404	773	-0.06124599063397542
405	99	-0.14008437663066742
405	227	-0.46084912628899527
405	647	1.6013024993745846
406	216	-0.18330242031718014
406	288	-1.9932355135060573
406	491	-1.9940737867738052
407	207	-1.0367555126582428
407	708	0.8727581314189354
408	439	-0.6004380361283176
408	891	0.8918152161219912
410	350	-1.2876835911249462
410	438	0.7174757803055007
411	286	1.011490994816637
413	606	1.0560566627371921
413	919	-0.7767343778410881
414	355	-0.8699945506886257
414	740	0.3160015594450646
415	169	-0.4589666470090334
415	388	-0.2694036411543932
415	432	-0.1289189870687267
415	646	0.7671093370600733
415	770	-0.2226538715731947
416	124	0.36953544906937447
416	169	0.026145249308090056
416	675	-0.02237602144416259
416	756	-1.6572681728179661
416	959	-1.140391257482209
417	400	-0.6137136464841574
418	475	0.22269299695359732
418	525	-1.6647076723424692
420	922	2.118113167456136
421	160	-0.5901075416950962
421	464	-1.5186595353235481
422	204	-0.6337823694577163
422	941	0.29732323706521463
423	225	-0.4389378894857615
423	398	-0.020975789995869038
423	696	0.1478845931644039
424	153	0.9112303878126932
424	154	1.4037631572418392
425	879	0.623329708881956
425	924	-0.8557246030799363
426	284	1.284002229630954
426	287	-0.33261275441252425
426	363	-0.16245341762747254
426	485	0.3215775008087168
428	297	0.18722437025694658
428	741	-0.21892546601445315
428	831	0.8297521575332403
428	923	-0.5386816016302511
429	498	2.0707731447502598
430	123	-0.2704898828101999
430	197	0.5222629097749529
430	362	0.8500658325209057
430	988	0.7587066007955336
432	621	-0.2527331881835855
432	673	-0.7285229008537762
432	965	0.8035133302594716
434	891	-0.5314362205327313
435	361	0.9597658581600786
435	409	-0.8029701913137244
436	311	-0.17108929477811358
436	644	2.023457469803995
437	360	-0.8143069509585839
437	364	-0.5261345191093336
438	447	-0.16095323831637054
439	961	0.9588782802483743
441	44	-2.1353984921022313
441	90	0.9976675447328569
441	300	0.9596205427124975
441	752	1.001685504963556
442	693	-1.595485993288822
442	903	0.03011421493765666
442	921	1.7540334273528375
443	7	0.15477704138526532
443	85	1.9803136938152122
443	523	0.522275885401608
444	971	-0.7257869725414817
445	514	0.12138499062330516
445	591	0.40721586312586044
445	659	-0.07915558468383461
446	745	-0.8527508685712974
447	783	-0.9966407605760305
449	164	-1.2412288571019767
450	568	-1.688264146989187
450	613	-0.2235680651174421
451	465	-1.1614552014856518
452	552	0.7600949370981329
452	579	-1.2484348352870895
452	711	-1.1442535548501496
452	853	0.39216551864637234
453	51	0.6122426749722687
453	74	2.8791647116130994
453	136	-1.294674831029681
453	246	1.137108719910268
454	848	-0.3927365525236209
454	938	-0.001049716060542599
455	184	-0.09888877121013205
455	876	-0.9835516228933583
455	879	-1.5633730025956396
457	661	0.7869541742265017
458	347	-0.4952336624007921
458	360	-0.19667868526688453
458	885	-0.837998165746762
459	617	-0.18715426813005331
461	154	-0.3985946390683916
461	400	1.1697311632524874
461	533	-0.5418200854116197
462	101	0.029773257188962465
462	688	0.5945487518107947
463	519	-1.0723769448230702
463	523	0.24944990891834637
464	899	-0.32363778627801176
464	957	-1.882252236893067
468	182	-0.01805813526508326
469	132	-0.18829232417643096
469	811	-0.23520932237035444
469	868	0.05997757472070752
470	350	-0.6747050231975444
470	445	1.2961464947811492
472	598	1.7218029025039518
473	503	0.6970604620950112
473	840	0.10590031641801236
474	453	1.0226999721183714
475	185	-0.6441450244509329
475	872	-0.9591725292415079
477	145	1.4535582291717304
477	491	1.032548853938715
477	565	0.21092654564141053
478	27	-0.17040671299518392
478	831	2.0131980000749454
479	521	0.05924088224546034
479	833	0.4371710631645243
481	191	-0.08292309048308452
481	320	-0.2643075309605782
481	392	-0.9554413400612841
481	844	0.9110356638676975
481	876	-0.3448027288433617
482	537	0.988133043305063
482	620	-0.8909087987416726
482	943	0.8077443551986089
483	218	-0.5446171692754496
483	509	-1.1866569644431628
484	884	-0.9658340680221762
484	961	-1.904002291168957
485	300	0.7831413918075666
485	848	-1.1075221378916578
485	884	-0.6209615079874655
486	209	0.2652099073330458
486	269	0.6063055160093792
487	68	0.5226973810497011
487	205	0.4922560055111141
487	664	-0.5223567000938708
488	286	-0.775085869050849
488	995	0.3450324504792345
490	660	-0.10142424391308814
490	833	1.4149733797546602
490	852	0.06188506728817988
491	944	0.5466892721149368
492	7	0.7122888101939915
492	58	0.06111569765483664
492	60	-0.7238968769826972
493	179	1.548132497774734
493	471	1.187823068687683
493	485	-0.7120576730557824
493	695	-0.3402023634166475
493	919	-0.7008878163158717
494	284	0.92182755518546
495	982	-0.34355865176048156
496	279	-0.3706217121725706
496	409	0.24581866167690444
496	979	0.7191484066197298
497	268	-3.0499644316028793
497	957	0.2292292636106624
498	335	0.06088340904098718
498	706	0.09812766371384624
499	387	-0.08138288540572763
500	250	0.27072592752084873
500	526	0.1020837603156942
500	528	-0.12088992612622533
501	81	1.2024147461021673
501	196	-2.698997254389898
502	541	0.19731471138326936
502	719	-1.4343903863482645
503	254	0.8585494699483726
504	16	-0.3708143505548436
504	67	-1.1752591825611858
504	467	-0.4208484614115037
504	807	0.1925552258442478
506	908	-1.9181792913978297
506	919	0.26602743595073775
508	183	-1.1929035581189482
508	370	-1.9644553126555666
508	628	1.393185692477001
509	149	-0.13370489330150373
509	381	0.21924800474921002
509	389	0.5533300678300933
509	566	1.2882918827183671
509	790	-1.0283951508194156
509	877	-0.4303500780025185
511	761	-0.1626015260549663
513	35	0.3492865362363841
514	384	1.2071026019263322
514	729	-0.07699339198306834
515	485	0.3969651253246598
515	700	1.0295709705723854
516	93	0.4101177997117779
516	970	0.29971713496717073
520	185	0.2573506898730196
520	754	0.19695961913582677
520	994	0.42476590748459325
521	864	-0.7085848919943547
521	931	1.6681623871609805
522	992	0.6289246754268916
523	720	-2.1930160612328433
523	987	0.0031787491271937354
524	862	-0.8580561098583633
524	911	-1.7923801756370725
525	117	-0.1171272119338501
525	729	0.0235903521567916
526	105	0.8329381327490675
526	318	0.8351289145033743
526	344	-0.4377578770999714
527	161	0.020696762381110873
527	215	-0.2325853950572806
527	971	0.23127050246724457
529	265	0.9018560434037329
529	455	0.05122124731268639
529	649	1.1879429602538136
529	743	-0.6432222671645452
530	51	0.746644552553911
530	201	0.6109306505066204
530	454	-0.555024773535484
530	572	-0.5561327303735448
530	574	-0.027973494572179985
530	681	-0.17494421135709975
531	235	-1.3951256251622892
532	93	0.5675869054560234
532	172	2.386330163233113
532	579	0.5551602780033493
533	97	-0.49814791436660566
533	442	2.311357318150041
535	366	0.914900609950156
535	558	-0.2970364582782038
536	911	1.3327898792052715
537	285	-0.29053479039718777
538	460	0.8246428514346874
538	522	0.042778256167897204
538	690	-0.04787044142723818
539	326	-1.2510549525686592
540	117	0.33922629407684907
540	271	-0.09772952179820052
540	314	-0.27333540149112734
540	348	-1.1421857705981828
540	577	-0.9363538786365837
540	639	-0.9947185806056982
542	37	-2.9344517012852176
543	484	1.5426105734557527
544	634	0.38802868659262696
545	156	0.025488701616414547
545	874	-0.824286975368316
546	27	0.6040252340138211
546	410	-0.13302523338006983
547	742	1.9775978160511365
547	758	0.21083359739016513
548	89	-0.4272092359747834
548	143	0.3405357441460984
548	272	0.03386794058512708
548	370	2.4291205454942753
549	235	-1.3995750682190509
550	68	-0.6467968361174138
551	77	0.3807800434226176
551	147	0.08921543512300464
551	313	0.12036807435616544
551	537	-1.5780300595985957
551	780	-0.13225952589295756
552	283	0.18093721692292694
553	287	0.4531950303169772
553	708	-0.6327571741093785
553	709	-0.2921973817833658
554	197	-1.2068236554652354
554	583	0.21155159029808332
554	984	0.8054933448720544
555	450	-0.8968568700082824
555	937	-0.16741485819114837
556	199	-0.6466335387447193
556	339	-0.052945592798522165
556	747	-0.4295278001058575
557	36	0.9322699001334692
557	275	-0.32762005555936546
557	885	0.7218438843895159
557	937	0.09674979740424115
558	87	0.3739991522405603
558	773	-0.6960295739768658
561	907	0.19151910145532644
561	978	0.49955831746037804
562	102	0.05879849038331792
562	334	0.9133212932632115
562	356	0.3044497975300843
562	886	-1.0340167371711957
563	8	-0.5515515706098126
563	525	-1.4595792670376087
564	36	0.4316405950705405
565	225	-0.6434780098566228
566	480	-0.7425285020988756
567	230	-0.345352991208202
567	595	0.9495369979220697
568	250	-2.043833935740717
569	140	0.05989808369302854
569	352	0.283978702963184
569	917	-0.4224750389242114
570	628	-0.21141871784317107
570	753	-0.24906381020441304
570	773	0.19719657659252282
570	912	-0.8103878862436915
572	155	-0.3077491596652551
572	643	0.6518040105359771
573	85	0.18032160904226757
573	256	0.9374881080216652
574	323	0.19570658362759036
574	455	0.43548970517377894
575	475	-0.31309186299483377
575	562	0.4619225030994412
575	747	0.01692567798505064
576	347	-1.3153682551417103
576	549	-1.0776813239778056
576	668	1.2370380417371178
576	837	1.2875968155024438
577	54	0.5453765047050756
578	79	0.6290772350051546
578	113	-1.2136744064395686
580	715	-0.5774687566679468
581	228	-0.08092382155892373
582	314	-0.1409247187420971
582	682	-0.6859562766295277
582	742	0.7770817027997345
582	754	-0.4784706669455397
582	863	0.679779862610928
582	979	-0.3566485996061012
583	43	-0.8454088122706857
583	835	0.2782789683543894
583	902	0.4130587305112098
583	965	0.3110128616104485
584	82	-0.05677038991446905
585	236	0.18101512747572152
585	580	0.378346248465071
586	263	-0.4956012977210346
586	704	0.11382416169744232
586	780	-1.7763576370168095
588	9	2.3646889643069113
589	446	-0.5328251909635532
589	614	-1.3215120840628298
589	969	-0.3570636312462556
592	322	0.9726753869200374
592	713	1.0340282119443729
593	570	-1.1405481619829754
594	1	-0.30826283125742215
594	282	0.035036976243399805
594	649	-2.8849848270391827
594	699	1.337543995577712
594	976	-1.210299796408001
595	4	-2.8422279368621846
595	47	-0.868685140876611
595	293	-0.922896310512203
596	30	3.5477070144307237
596	623	-1.3217020553929104
596	839	-0.7038375211254738
597	105	1.9389182401284992
598	112	-0.1076247338000416
598	335	-0.5902113922293957
599	652	-0.8943599940747115
599	850	1.1827955993147774
601	483	1.6129332366043967
601	772	0.7623173118570561
601	931	1.4404808679704189
602	241	-0.9080543525193432
602	490	-2.1360148100717793
602	726	-0.5020494740273789
602	795	0.9055559987185149
603	716	0.9842871705532628
604	65	-0.051434449678975994
604	332	0.6697251569949377
604	828	-0.11734715281700822
604	839	-0.9385794244742615
605	604	0.27995008925596915
606	693	1.1877376260177126
607	421	-1.0346945385405861
607	632	1.5920758448624186
607	858	-1.030625257475783
608	343	-1.0790071335874816
608	990	0.5613929264539232
609	216	0.27104105585254057
610	44	0.6390388368022433
610	633	1.041820379049037
610	880	-2.465007699405083
611	19	-0.015176209187206226
612	135	-0.4997538467899057
613	774	-1.8475909388038019
613	895	-0.05933244295937777
614	204	-1.0322242936536197
614	246	0.9261636683605522
615	4	-0.8462456084569869
615	54	-0.4801875766910161
615	338	-0.36735226044057034
615	458	0.5294546260509578
615	657	-1.5642687365443886
616	45	0.5223130788782048
616	996	1.7611789755550273
617	273	-0.18224788061661495
617	447	0.8303282627679474
618	62	1.3447935651476348
618	306	-1.5581613331093436
618	537	-0.1666083825096063
618	583	1.609543696499083
618	798	-0.6341859877560875
619	322	-1.8299037179477142
619	508	-1.0787092652856645
619	832	0.6348370813324324
620	214	-2.497869198017896
620	312	-0.8212514967752994
622	57	-1.005299067441871
623	260	-1.106627120346748
624	317	-0.003194039572542703
624	902	-0.3726492120296413
625	228	1.5370703788048494
626	170	-1.154657001387286
626	567	0.8381993321547393
626	955	3.6775645134438943
627	299	0.39241396021752023
627	895	0.05705848990001751
628	793	-1.5023008586538495
630	2	0.05241950706760964
630	175	1.284667961511336
631	510	0.1090743487832759
631	589	-0.8430583929582424
632	119	0.21638302711852844
632	871	2.856867533763857
632	906	0.9504193845490334
634	503	0.10823952335697924
634	652	1.0583033453543043
634	672	1.8632052410322149
634	691	-1.20552842040679
634	695	0.22704950631189294
635	610	0.9795855484792981
635	717	-0.6312154191047874
635	925	0.27383621479651216
637	93	1.0028093194651189
637	199	-0.1426573671725969
637	454	-0.4685031113238401
637	579	0.9079439337062429
637	766	1.0526629173942297
638	302	-0.07856011860625575
638	376	-2.7017969271033313
639	164	-0.1983740891390168
640	383	0.37916713249511425
640	470	-0.3372284757084183
640	911	1.600238329310959
641	376	0.5400123423585432
642	812	1.3807235258632935
643	138	-2.5510298888066028
644	152	-0.4301742768427702
644	465	-0.4677482786518724
644	517	1.995268347454691
644	751	0.07970050928649704
644	764	-2.1205488521329934
644	834	-0.029331870243220377
644	889	0.0695525553697101
645	798	0.7055246410567638
646	75	-0.10091543950031681
646	138	0.9250479967350018
646	283	0.7609489187526881
646	314	-1.2068049151773592
646	362	-0.35375313295606786
646	441	-1.2038494422723858
646	900	0.7781736884654509
647	372	1.1126811838294892
647	506	-1.297572893804882
647	841	1.7131470785827225
648	188	0.4097108955315195
648	467	1.8223725463940588
648	648	1.673719639581094
649	36	-0.7309103633911881
649	500	-0.44289621848276706
649	807	-0.770673050376025
649	808	1.484269619198145
650	573	-1.109541026368382
650	631	-1.4825657727610968
650	700	0.4831751236664932
650	735	0.7808996242705485
651	564	-0.6495813547874579
652	135	-0.08037693727101872
652	284	2.3084608503499355
652	865	1.0826424182410415
655	991	1.7961630434101703
656	877	-1.5996975268475195
658	366	-0.7121370667361382
658	659	1.1187024560183711
659	61	-1.1958142902078561
659	343	1.3196770666746178
659	671	1.7708072471203533
660	527	2.58488171291157
661	523	0.30503175754078016
661	727	-0.1086727510186705
662	253	1.5708365984423178
662	320	-2.022616638534017
662	556	1.693029627673493
662	586	-1.056816436708833
662	838	-0.1304916407131289
663	403	2.8280098579875084
663	520	0.10277420113014664
663	772	0.6749999026281077
663	997	0.4760177753055627
665	502	-1.1234616817513803
665	649	0.40204423326439087
665	714	-1.959357674818586
665	898	0.03480800981913181
666	507	-0.23996149673960415
666	740	-1.0882334562267069
667	218	-0.13779652468624437
667	307	-0.713615271693102
668	576	0.5106103399834562
668	683	0.32511409061367963
669	358	0.5525943573108434
669	763	-0.04054868119616431
669	966	-0.33366666127924666
670	740	0.5489392859645467
671	529	-0.36147775424070006
671	904	-0.6323500851342269
672	69	-1.7723923552012903
672	130	1.4091698557002958
673	163	1.846889634495642
673	759	-2.501989422086228
673	971	1.2026060381730461
675	387	0.8067873883024173
675	409	-0.35486151461197935
675	557	0.831961678985622
677	128	0.7834243246194569
677	294	0.46611172432166215
677	587	0.4365171090842922
677	600	1.0173082584138124
677	602	0.7795117283171645
677	939	-0.8844950212919305
677	968	-0.2665386576062798
678	454	-1.2704251027603897
678	731	-0.631041210900482
678	743	0.08072931451872614
679	443	0.5538150580996765
679	535	0.19774099668518733
679	810	0.4652808526680615
679	878	0.30868439063995695
680	513	-0.6068073920382203
680	755	1.3301006591267408
680	973	0.6829026942400314
682	313	1.507741632660746
682	343	-1.61725824006735
682	874	-0.6096481447267952
682	878	0.5804764629737793
684	83	-1.358901553398222
684	480	0.9506007529547396
684	620	0.6309233252315585
685	104	-0.253521792633334
685	296	0.9136112606942288
685	572	0.40302681920915195
686	152	-0.17811988039950036
686	190	0.660439899183676
686	431	2.4635291917994344
686	622	1.0847054184694245
686	701	0.1758229459083273
686	742	-1.8835793510077787
686	752	0.716319195150089
687	87	-0.030645074040162
687	129	0.6018843841323425
687	514	0.74464036084714
687	795	0.07139832053638537
688	841	0.12655641486775904
691	440	1.253262516105659
691	543	-0.3024520322152212
692	472	-1.028380615132567
692	575	1.6195690813274175
693	121	1.053508693085291
693	504	1.0124433395177375
694	291	-0.6455158379240965
694	889	-0.7511516355695346
694	972	1.812145430638353
695	229	-0.28963493292321657
695	848	0.4899996444885829
696	267	0.11084509532340214
696	400	-1.3958106960789174
696	526	-0.45214370732521325
696	802	1.7090880774911053
697	376	-1.8556930414193953
697	935	1.5651184507395808
698	20	-0.45077179353753993
698	318	-1.622444922937497
699	87	1.502757378353112
699	98	0.34280793529206044
699	234	2.2656722377757603
699	635	-0.9739495657073322
700	440	1.8160910329031374
700	923	0.4199902176545402
701	621	0.6561583863627874
701	955	0.5246174608068415
702	614	-0.5324291955115956
703	335	-0.02061576712057173
704	254	-0.5073676838740252
704	784	0.19973151730859542
705	633	0.22433574501307516
705	701	1.158720055362491
705	885	-0.7141953028931562
705	989	-0.14305693998272917
706	158	-0.8960130028829713
708	303	-0.027987085372954395
709	52	0.6120090465167178
709	96	0.5451563450204131
709	689	-0.7736709542389418
710	20	-0.25853500386968076
710	436	-1.3998841485427198
710	711	-2.6058590499620937
710	753	-0.5759478215904893
710	786	-0.4034046834067269
711	18	1.1709242393327282
711	268	0.6202837982081028
711	707	1.1222074223291885
712	587	0.6550577153068602
713	115	0.32355768777592253
713	150	0.018405249949098007
713	196	-0.3250917148907512
715	387	0.603100469541842
716	423	0.015519395212811479
717	620	-0.6163612487522765
718	645	0.06341388719225931
719	495	0.5841699300678336
720	200	1.1525400747331476
720	539	1.4686945159419154
721	38	1.2240767586705934
721	189	0.9985423371143717
722	849	-0.16344148249106905
722	862	0.4662869725369151
723	353	2.189093678329776
724	43	1.9099465278302745
725	412	0.5563635466862709
726	190	0.4475214316200663
726	381	0.1022582996256998
726	533	0.6722782232707053
726	648	-1.6309706970311144
727	90	-1.8031875566707747
728	680	2.2023316814784764
729	748	1.2108959212990582
730	673	-1.0403557565167647
731	211	1.608493293747581
731	419	0.06295828374957306
733	218	-0.18471174275916125
733	946	0.3694297918344548
734	348	-0.6824892718624817
734	717	1.446737867315628
735	47	-0.8966425898978224
735	249	-0.39027208846534506
736	48	-0.4483718529653642
736	147	-0.06297228864298503
738	372	-0.25554527142334277
738	393	0.3132005901483119
739	343	-0.7420991979617145
739	916	-0.06318875334815728
740	313	0.8575413507542953
742	796	0.23039741449592666
743	829	-0.16409821903105234
744	156	-0.7156918354343631
745	206	1.5360365803352263
745	474	-0.039434447860457966
745	489	-0.38620952597745867
746	69	-0.15038254719751706
746	383	0.8401296783887712
746	426	1.895674146727736
747	105	0.9660671860235197
747	752	0.18261081381701302
748	930	0.38205378181075733
752	295	1.2701951746520723
752	401	0.8611943659425069
752	660	-0.6023202493759773
753	181	0.3761602358336189
753	567	-0.7036569005767208
753	577	-0.49188388091102364
753	594	-0.3453489787103676
753	999	-1.218800212367141
754	92	1.5128251344381918
755	288	-1.929501507344425
756	272	1.0593759609947302
757	302	-0.7350086337787052
757	474	0.3879047268114227
757	769	1.863176100008212
757	898	0.9080574202956503
758	680	-1.1296428075453095
758	750	-0.3398171995369072
759	51	1.995660312872193
759	357	0.4846744060487776
759	676	-0.6412373194921799
760	371	-0.19337245824553037
761	68	-1.1949874006411265
761	878	0.6552582354320232
763	85	-0.12256318737960681
764	677	0.8124836159783928
764	962	1.949451272075064
765	508	-1.5459017369084938
765	871	-0.6475356705550096
766	161	-1.0464058983755322
768	572	-2.2457537819659272
768	647	-1.0862922082449495
769	235	-1.091447134651211
769	959	-0.7250456431485329
770	60	0.5382798116656463
770	129	-0.3582725055843149
770	613	0.7480262850478345
770	703	-0.9212977377087733
770	765	0.9804407340011516
770	846	0.41914823867993073
771	55	0.7241646613161542
772	217	-0.4659588044427542
772	684	0.9517757470063043
773	715	0.8881901014977547
773	964	1.742111445970174
773	983	1.711145914897113
774	33	-1.8476608611610172
774	789	-1.9522639432837612
775	323	-0.9516970594573028
775	527	0.8247655599956663
775	722	-0.08608305340701998
776	107	-1.7118202424924767
776	537	0.004486983007549974
776	880	0.9968141866054115
777	200	1.3431914580218194
777	242	-0.9228928296852839
777	340	-0.288070494625841
778	487	0.22228271699512794
778	593	1.009624636894088
779	746	1.7155946507529782
780	492	-2.072041755688302
780	951	-0.9673155162905488
781	154	0.11512926661204048
782	317	-1.9729228675393016
782	779	-1.438275673641269
782	992	-0.1691878754900108
783	270	-1.0353164410733722
783	368	-1.0181126781421797
783	762	-1.0160759448703103
784	1	-0.6392397506696549
784	384	1.3022074057815456
786	330	2.1971168154207135
786	388	0.39541774288357845
786	631	-0.5253201800088814
787	337	0.3115972854326533
788	162	-0.30534591322281307
788	328	0.16846830779556873
788	910	0.14191658286464678
789	290	-0.5401686151568259
789	334	2.299365137255083
790	688	0.26433080491045746
791	179	-0.0467025316841739
791	398	-0.2834672468636129
791	643	-0.04163896512992991
792	691	-1.2421436291729895
792	695	-0.9065373892303024
792	752	-0.8087515586300759
792	959	0.36407479335791226
793	34	-0.3521932883107718
793	518	1.728039832069982
793	650	-0.5824240747350833
793	963	0.40912014491077353
794	460	0.014496757235962724
794	875	-0.41574228684294795
795	268	0.30738800770225
795	520	-2.497955696049729
795	561	0.49389145892936964
795	927	-0.4995074346774332
796	86	0.21534651904016885
796	234	0.6405134792603306
798	192	1.428704135577869
798	628	0.4483184584617687
798	698	-0.5320205920747204
799	371	0.3176851074069916
799	748	-1.6107790191946447
800	199	-1.126424199047208
800	222	0.9579129008699403
800	842	0.5616642386913336
800	900	0.48105860931509403
801	429	1.069161981648418
801	619	1.0805898946961146
804	129	-0.029862911801778403
805	126	-0.03586140154541705
806	667	1.2087586053578452
806	909	0.17069016715393823
806	943	0.37947689118921646
807	149	1.2341347555734457
807	478	-0.5174201434811003
807	586	-1.8804704661075502
808	170	0.3561182322250225
808	304	-0.11003810446018268
808	361	-0.06708331858136214
808	415	-1.6524958994310537
809	157	-1.2115451550792384
809	959	-0.07079447606246668
810	992	2.3693995196431628
811	83	0.5208663657430815
811	463	-1.6534223089701328
812	337	-0.39870870679685805
812	459	-0.1105504899266467
813	541	1.0708386063112352
814	196	1.8821539547263717
814	246	-0.25958722758267067
814	311	-0.9897555735987644
815	932	-0.4583641011125024
816	714	-1.024625907057091
817	106	0.24615490777169705
817	144	-0.04790846122475002
817	977	0.041389880447532605
818	894	-0.45242778581914167
819	59	-1.424959408005081
820	893	1.5554081072241397
821	66	-0.7932431929989654
821	103	-0.014823586866422177
821	132	-1.2429693770164805
821	170	-0.4672337778281439
821	419	0.8057976034314034
821	804	0.8851110042408381
822	1	0.6393729363676843
822	81	0.7531740897584643
823	355	0.25129367823580223
824	532	-0.7485931891468302
824	639	-0.5920432990872517
824	892	0.047889656778897526
825	980	1.0082485768425142
826	126	0.5216805513905965
826	157	0.8540399324230686
826	563	1.037781152786355
827	77	1.4507055535035376
827	123	-0.7376220107659333
829	575	-1.8479999338674393
829	661	-0.9003952576385402
829	804	1.386498271982875
830	645	0.13258752772098004
831	343	0.22520899398260094
833	108	-1.4196225291358915
833	541	-1.3031580860274217
833	707	1.6916623906943098
833	811	-0.2140241846247484
833	900	-0.031946947026641845
834	812	0.036173173194292224
834	901	-0.8753443367595196
834	932	1.2920438525118219
836	20	0.19099345685966398
836	283	0.9183335753231305
836	393	-1.6306721547100178
837	40	-1.43701311456472
837	263	-1.4162847819828406
837	416	-0.21166529322773625
837	453	-0.46599192634531195
838	579	-0.17252342083826575
838	726	2.1447992310413446
839	33	0.05697068324440969
841	188	-1.1447911127398271
841	462	0.3102397176646903
841	547	0.2904003798014006
841	587	1.4171102617892275
845	154	0.6279205264765099
845	396	0.5539825130173095
845	572	-0.6586525554189061
845	847	-2.4925262923921787
846	973	0.024590448215300202
847	805	0.6387888648951058
848	49	1.4500615079865888
849	441	0.23200765819442842
850	637	-0.14576888531946622
850	684	-1.6975552159772331
851	646	0.20656221546017034
852	613	-0.02730203040148467
852	791	-1.0393883254403318
853	81	1.1078296008970632
853	799	-0.8251985551560835
854	481	1.080533589138115
854	496	2.059807860190298
855	183	-0.5695627018358572
856	314	-0.41685670790912044
856	501	-0.24738787342583138
856	830	1.2306341387123432
856	949	0.7826516570910826
857	103	-0.4266476422157707
857	192	0.7117563598069416
858	19	-0.9554566475764387
858	174	0.7263584867321488
858	805	0.93156985074918
859	262	-0.33184775954670903
859	343	-0.9798693616840217
860	729	-0.10621448610734059
860	771	1.4734441471556106
860	785	-1.1375413399778016
861	166	-0.702529401021751
861	272	0.7066510953745739
863	744	0.9871215407120572
864	43	2.994230481729136
864	212	1.248162644466742
864	622	0.18096686985192179
865	535	-0.933199574486893
866	288	0.37078250537773055
867	904	-0.2882699492322794
868	586	-0.38482215473622994
869	113	-0.8417200396138346
869	384	0.750896379038484
869	673	0.6935572243429032
870	834	-1.355132952789191
871	315	-0.09459201277283345
872	598	0.3766148545409378
872	892	-0.40005126933519275
874	184	0.1758627742174055
874	928	-0.2704425538213694
876	270	-0.927459138608334
876	625	-0.3835232526204134
877	298	0.2922565799745913
877	634	0.8033912435105874
878	37	1.0539792621432655
878	368	-0.05463831107195841
878	395	1.7099576003896817
878	760	0.4164410040736666
878	827	2.0803114077197598
879	541	-0.26216769858848954
879	606	-0.043716801806362865
880	225	0.22496868880271176
881	779	-1.0771106610616037
881	879	-0.49252472503342387
883	494	1.4263828555139315
883	577	1.3163401970511814
883	719	0.6295875727966952
884	712	0.2261032672791012
885	295	-0.152790953961988
886	287	-0.019478692167401446
886	424	-0.013687468905392453
886	736	0.6768456925680795
887	725	2.1115918038091146
888	213	0.35901970696666446
888	261	0.6651108183801838
888	727	-0.17788965301654466
888	943	-1.3583935718959932
889	690	1.7277478044363808
890	990	-0.22293254443108448
891	164	1.6116931541149504
891	308	-0.7569126788011018
891	406	0.406706051734598
891	540	-0.8971355130119055
891	775	-0.5144787135574808
891	959	1.6686338545806396
892	945	0.03757700908405015
893	130	2.274173319006813
893	507	1.5632293264085038
893	633	-0.817838515279788
894	949	-0.6502337300535543
895	849	0.7389749338683479
896	720	-0.14557869689742745
897	414	-0.7635291507333086
897	711	2.5601166744147195
897	977	-0.6424070015622758
898	673	0.4209246308532956
898	837	1.2910092511712725
898	953	-0.7649263092968589
898	981	-1.2426140391374494
899	596	-0.23073954559120097
899	815	0.5798191526070143
900	345	0.4118842189548108
901	270	-0.07188851744098076
902	11	0.9047866016028678
902	579	-1.1191581463590612
904	324	0.1321918071324024
904	679	1.1259062997892058
905	221	-1.5165167914464717
906	243	0.6503543386996836
907	531	-1.6148305151417754
908	303	-1.2893808565642215
908	766	0.5153460600457735
908	851	0.6062567129529786
909	238	0.2047798646281787
909	431	0.9369715050744107
909	513	-0.5507689417722179
909	804	-0.42650860859959505
909	984	-0.9806037103616779
910	41	0.1543522833072082
910	44	1.216634225896945
910	675	0.28158732779943446
910	695	-0.0018891050459326141
911	153	-0.6493688812837113
912	758	0.15666029602924736
913	732	-0.47553015116590747
913	862	-1.127955037974718
913	913	-0.012008980528726308
915	765	0.9204871424578682
916	333	-0.8705713747322584
916	426	-2.097430789771883
917	176	-0.5904954513143768
917	270	1.437136306053657
917	280	0.17232245246017963
917	419	0.10477217243850688
917	473	-0.20459625197900538
917	613	0.6877380150120451
918	261	-0.05699551961296438
919	862	-0.3437996966221982
919	949	0.25462853786873696
920	791	1.067298337151729
921	400	0.6866433179950293
922	176	-0.9990915565889205
922	947	1.1263738874847409
923	1	0.9136434137056509
923	779	1.0457909849582085
923	895	-0.9087409761714911
924	156	-0.04337758290985595
924	540	0.5371140749046
925	211	0.612769735565678
925	574	0.21994025598418587
926	212	0.8078586831304773
928	70	1.7358947919968035
928	366	0.07270577458488121
929	44	-1.3009270218708882
929	307	-0.23049295535670503
929	865	1.4102439278595351
930	344	0.1329166926261685
931	65	0.30898318493021176
931	297	0.18573349438862322
932	513	1.0987047247414068
932	720	0.45048508678711013
933	41	-1.6169323643445086
933	842	0.9047238715229426
933	938	0.1970773138541103
934	130	0.703090211727305
934	358	1.383845793038695
934	571	-1.4916715185446148
935	854	-0.17176742706687273
936	437	1.305512997589409
938	546	-0.43677522063523316
938	575	-2.007783362795881
939	137	-0.831490131717206
939	156	1.1876042976066585
939	866	-0.6465023354991913
940	687	0.3272954835085093
941	562	-0.22844845676989925
941	708	-1.2450129322067023
941	844	1.1760537708331338
942	362	-1.1535369811828422
942	752	-2.317617577260378
943	459	0.9542856235702741
945	309	0.7570844273102565
946	991	1.2539627369663147
947	221	-1.5439563666632505
947	379	0.5249419939454029
948	667	0.7451675751824544
950	225	0.16957397010968894
950	836	0.41022308687892933
950	986	1.927140920400055
951	399	0.1991977530937868
954	195	0.024164866363860803
954	303	-0.5797586380275107
954	435	0.2724285927685351
954	861	-1.0055819115639875
954	894	-0.07058113771259128
955	65	-0.44545721099580676
955	153	-2.0809054758280747
955	685	-0.2753637019726704
956	400	-1.0132582936027017
956	816	-0.3232933713848207
957	746	2.0227134489028207
957	790	-0.6478887996457044
957	855	0.9006335274263996
957	860	0.016230667731370052
958	640	0.6502563493982013
959	295	0.24229381626142318
959	785	-0.6060178536748216
960	30	-0.8844725859187721
960	141	-2.205554904602434
960	323	-0.2698759057521946
961	121	-1.3564368348624891
961	210	-0.7858756429182397
961	436	-0.21580912311124778
962	4	-0.9668436155792242
963	27	-0.3087516195061087
963	54	1.813129034146682
963	576	0.7365657797980425
963	938	0.08545617828036975
964	123	2.11105883503578
964	169	0.7504091307819644
964	905	0.6333510093133338
965	644	-1.4120014626688633
965	890	1.1583158714863637
965	939	-1.2087203961044672
966	186	0.37307191621072355
966	221	-0.037033050227169385
966	557	-1.718837640069427
967	75	0.26501705328612635
967	390	1.601902729820175
968	436	2.0452769743765504
969	155	1.075745368394986
969	999	-0.451047448310411
970	322	1.6869281196373607
970	876	0.5998036675667295
971	691	1.319311389711322
972	721	1.2452361328172294
973	234	0.4683148719657111
973	451	-0.430492901640338
973	578	0.8240597528728425
973	619	-0.31947326149340166
974	59	-1.7206558626274495
974	359	0.8202155176244063
974	802	-0.985650512454022
974	829	-0.5932712094152796
975	233	1.396026620476292
975	728	0.5700927890237468
976	275	-1.660326175935555
976	428	0.9310953694010771
976	560	-0.8225937422627766
977	33	-0.9332729315275494
977	563	1.3768365046752542
977	974	-0.06793696120038732
978	989	-1.0104551506745623
979	255	1.9228798631580029
979	845	0.5418186313508211
979	956	1.1856786501233922
980	91	1.151897073946083
980	373	0.24116822753794892
980	762	-1.5642494916505498
981	313	1.0866768882483484
982	215	-1.1463157779197366
982	624	0.4687005539329806
982	730	0.8065359133026888
983	668	0.6525906055134024
983	994	0.651312405332734
984	366	1.05284923216091
984	482	-0.42621595685731534
984	548	-1.4287982700540713
984	819	0.7178361344781679
984	966	-1.0363114203479602
985	834	0.42098573030023806
986	108	-0.20922035127245164
986	513	0.9453108020798735
987	126	-1.108821115823254
987	364	-0.5110316518212423
988	756	0.46723229186089427
989	104	-0.04141207520497206
989	234	-1.719456347341478
990	883	0.2650699426753462
990	977	-0.41142923945197263
991	732	-0.9449911192458178
991	815	0.9544308290152312
993	277	-0.37836227734622985
993	913	0.26089891451406044
994	697	0.2628992990353873
994	771	-0.8307746246356292
995	393	-0.2312813669671011
996	510	-0.3999003608938613
997	815	1.5173186997337855
998	429	-0.05450724106226194
999	75	0.07194785511126653
