1	395	1.2194936670894736
1	914	-0.2834269981426759
2	705	0.14566986779476437
2	952	1.4661748425327292
3	535	-1.1224564299866873
3	593	1.8720797906625404
4	498	0.3649761367638149
5	612	-0.638709877342163
5	650	0.5423218319629441
5	807	-0.45717746292925143
6	537	-0.07702870661370233
7	524	-0.27519683979149184
8	115	-0.8565584709796972
8	428	-0.45401511954389095
8	848	-0.08389249161599403
10	72	0.15697452829016026
10	198	-1.3404162444412597
10	519	-2.5511062167534755
10	553	-2.4517895884676277
11	293	0.3884898178337057
11	536	-1.9435823083788577
12	624	0.9940504753298398
12	645	0.40349429510418255
13	711	0.19702624632724622
13	825	-0.41222710492535714
13	996	-1.2120122329228846
15	19	1.7345596039607474
15	229	-0.9264296498585177
15	346	-0.8180799585940771
15	654	-0.7453724421291575
16	352	1.1753202838926367
17	417	0.1931335893100073
19	266	1.491204430164289
19	917	-1.670889400288831
20	80	0.7100630003797002
21	887	-0.16134549165034906
22	257	0.567479620479692
22	544	0.31824368572983486
23	429	0.8199829893603849
23	482	0.44834744934892345
23	942	-0.4648291999303237
23	944	-0.15436798406344177
24	197	0.1841175576718293
24	769	0.18259333188362298
25	669	0.34091185800778806
25	777	1.9122683613345532
26	378	-0.8631984714544705
27	556	-0.33709875520249966
29	497	-1.4021988859840788
29	730	0.1630020408415621
30	821	-1.2130130748246895
31	439	0.21629297984627036
32	998	-0.5621971936618385
33	528	1.09009210785752
34	263	2.1484079849346753
34	266	-0.4611408045570759
35	113	0.8286695871002866
35	451	-1.7035884363520228
36	159	0.2968544765653529
36	709	0.20746826564083576
37	467	-0.6457358979826937
38	704	-0.6703086747695302
38	977	2.1225769356395343
39	443	-0.12837477044391318
39	497	2.1206007946114602
39	619	-2.162399352006845
40	538	0.8806229456472081
40	954	1.6363242699914629
41	92	0.19440605754932874
42	69	1.4117296995535804
42	708	-1.0955538055965521
42	783	-1.0057058776438006
43	411	-0.07138164859346874
43	440	-0.18812377757770699
43	593	1.8701598007831266
43	655	-0.4438043700974412
44	159	0.21819592601153587
44	396	-0.33920883452835426
44	734	-0.34254033605043593
44	826	0.5060532286675112
44	901	-0.8053778921899598
45	414	-0.08806068421859435
45	887	-2.063378342149666
45	958	1.024401874887805
46	349	-0.3239690518609205
47	11	-0.2344332726308428
47	187	-0.7844123048465367
47	198	0.29020913295789097
47	412	-0.5277595368206913
48	62	-0.2657518835592504
48	820	-0.7420867467180885
48	824	-1.6911065892704944
49	136	0.09425878311395476
49	249	0.9426213019547485
49	542	-0.4007544315174843
50	359	-0.46013894780075476
50	786	1.704687419970933
50	870	-0.02653156244970172
51	746	-0.09353455084760177
52	265	0.49722685686514817
53	459	-0.9115990778516774
53	521	-0.8916928390080371
54	612	-0.048570100393560495
54	631	0.24896551181689505
54	774	0.9836448307304005
55	719	-0.5956106044476877
56	745	-0.6048605714449323
57	140	-0.45849308362167696
57	833	0.7510626113959766
58	467	-0.5531760431308229
58	608	0.9876692931019998
60	89	1.1165841867664485
62	88	-1.1686803984122622
62	693	1.1070391126270893
62	991	0.8111156276358671
63	162	0.8236460327989154
63	322	1.9743998750340714
63	730	0.16920753362574809
64	594	0.044344788294222955
66	270	-0.2455284365781893
67	375	1.175546220094
67	929	-1.5436267405350694
68	830	-0.6133444564675464
68	904	-0.6668258842593302
70	231	1.5265028010480715
70	811	0.7191622463249159
71	650	0.4988572448457298
72	363	-0.9191557238090182
72	411	-0.8975983359257388
72	647	0.481002824188219
72	734	0.9690217571759651
74	404	-0.8949717035283651
74	628	-1.0431949999042762
75	334	-0.355187162554864
75	732	-1.3994463440755485
76	436	-1.1275431589893812
76	768	0.16024745007560823
76	844	-0.21763950590358566
76	940	0.10001232108428826
76	992	1.4707335783378153
78	118	-1.6519458176697166
78	134	0.8461986686819157
78	445	1.1715001598952162
79	462	0.5610236546959797
79	645	1.1518530128379467
81	127	-0.4216313716841383
81	447	0.7028169222953371
81	662	0.9315505482295562
84	382	0.3271765486859891
84	457	-0.4340579980440229
84	764	-1.427947144711509
86	109	2.3951969698049806
86	338	1.1079817820169964
86	802	0.6121782801956576
87	191	0.24188173486250156
87	670	-0.9075699980796255
88	175	1.2758904898022003
88	670	-0.7810700539449873
88	710	0.0619131248998322
88	729	-0.1852263742004475
88	784	1.6069151226222178
89	68	-0.25417648607090154
90	621	1.0523650265919102
91	830	0.06524734997647062
92	10	-0.3171940429597138
92	440	-0.860093559146242
93	279	1.6509407761681736
93	317	0.7233818574643649
93	374	-2.0997432319794327
93	688	-0.2531962417325037
93	762	1.1450594705551018
94	72	1.4098901753782822
95	160	0.7539571828732146
95	254	0.8395240861734371
95	695	0.3808208685456972
95	819	0.38559245292368993
98	218	-0.8906236239221283
98	240	2.5368797413030273
98	915	2.051153342252444
98	922	0.6818241773644637
99	187	-0.66269443348542
99	514	1.0993606362632358
100	367	0.3564162308008187
100	905	0.2361221953951363
101	412	-1.684861790551344
101	474	-0.9566806081086423
101	625	-0.3059490443929579
102	224	-0.2910932088664475
102	572	-1.5332742388250349
102	755	0.8187365539283676
102	882	1.1410160678773749
103	938	-1.0533494877943423
104	809	-2.4496019619512768
105	87	-0.6772036017660532
105	482	0.6188317717023304
105	554	1.2100019844756578
105	578	0.4266362870153299
106	511	-0.687610124111721
107	162	-0.6145716341466195
107	367	0.8596678070229503
107	644	-0.3152640866490042
107	957	-0.29466102570649216
109	74	0.6943985856573958
109	590	0.18378190332450242
109	701	-1.3812174023984416
110	300	-0.04882855069147511
110	369	-0.3481464329666586
110	421	-0.42930953540989497
110	582	0.5097833399061489
111	141	-0.2720444251637013
111	337	0.32269289939517076
113	690	0.603425429858447
113	975	0.1190663477670376
114	131	0.08084905830395754
114	362	0.2866361034166401
115	211	0.9695486665325654
115	253	-0.35302072175842
116	339	-0.060283843438078306
116	372	-1.08797879647364
116	988	0.6043565812953046
117	242	-1.649687690166835
117	490	1.6126902957693288
118	100	1.3091312759069758
118	714	-0.34929179328320314
118	896	-0.30456166754277986
119	349	-0.11120024310047943
119	603	1.1820884889321477
119	961	1.2471886772198992
120	297	-1.3463039067693083
121	947	0.2684354746479799
122	215	-0.9348252714227111
122	553	-2.137731332144214
122	853	0.5440733297477254
123	344	0.07675405753660376
123	903	-1.0276273330366485
124	36	2.0363805526946983
124	815	-0.04688989968976856
124	919	-0.274433247395976
125	57	-0.28764126034534354
126	137	-0.9128509167427121
126	167	-1.430458347996774
126	470	-1.024657946990718
127	411	0.735247617911528
127	669	0.6045802258758673
128	164	0.600397590186104
128	314	0.7131336574084765
128	468	-1.0969054842170955
128	878	-0.35782424814411884
129	118	1.033085115246773
130	120	-0.5431768406637008
130	375	0.5059197171901259
130	701	-1.7888992803982504
130	821	0.04639390931952116
130	960	1.5752486571363253
131	29	-0.2892128871792589
132	845	-0.625555579661854
134	347	-0.5621729112137395
134	922	-0.14080035683873707
136	235	0.7848051786255439
137	149	-0.29956927962515156
137	162	1.0894244224672833
138	134	-0.6874747519300108
138	248	-0.3213516902709962
138	488	-0.9538914212269622
138	987	-2.0273146012553127
139	396	-0.7848851596837588
139	457	1.192969123925341
139	569	-0.8972573616043913
139	983	0.2121107088836637
140	468	-0.5039107065000593
140	682	0.6865978918402582
141	117	1.6780012340670416
141	513	-0.5041627303305213
141	804	0.8529598752915057
142	633	0.21133741247233162
143	19	0.6073065420385861
143	203	1.0211204065177624
143	385	1.3720918923288177
143	821	1.2539947758717793
145	28	-1.592085899005345
146	165	0.3938438384660824
146	549	0.16596349813590586
146	694	-1.4761696287014565
147	843	1.34862804917257
148	11	0.3169599749911017
149	281	-0.7809318703930459
149	718	0.37790234081609575
150	369	0.19224605214439378
150	757	0.4797776527036988
150	924	-0.6534078699532933
151	211	-0.47418758022504925
151	900	-0.9134581897093211
152	405	0.2471342394986394
153	615	-1.6022010113587002
154	206	0.3838447822039888
154	780	0.27184044775644206
154	806	-0.521695675566083
155	586	-0.30016729747405874
156	504	0.23398877289681705
156	902	-0.395068924387048
157	278	-0.25335129235662507
157	572	0.8872329083183782
157	905	1.6182768294431769
158	269	-0.5416037364311848
158	846	1.063736546410699
159	853	-0.5023231091276806
159	990	0.8926716087414903
160	978	-0.053425027577848706
161	807	2.0616504620776412
163	476	-0.30289164532157115
163	597	0.20598464281909334
163	670	-0.8609378660397243
163	725	-0.26523573630941505
164	123	-0.7496933192670413
164	143	-0.46415124994461643
164	472	-1.7769271068923402
164	486	0.5084028404625248
164	588	1.138533589031687
164	967	-1.4395616809918002
165	468	-0.24605789507004244
165	683	0.1827246302828276
166	272	-0.6834972045904779
166	422	-0.7719599759795073
166	748	2.0241228266736355
168	640	0.292360352316395
169	182	0.30938814390645986
170	830	-0.04060305300748349
171	531	0.3374607725324101
171	923	-0.36740544498153355
172	684	-2.1396748063460014
172	718	1.053171633827193
173	953	-0.5009424072163441
174	158	1.3594405701690995
175	50	0.5654192181941892
175	770	1.0326164531234536
176	48	1.3761899557954336
176	514	0.8893733205010416
176	783	-0.16933149694346072
177	713	-1.4840759259650906
178	414	0.44226420080961665
179	681	0.2224803219490291
179	751	-0.8876168397527441
180	51	-0.3205998569487672
180	180	0.5566426438478382
180	417	0.8589252181828292
180	733	1.027296268180711
182	253	-1.0933472132721958
182	541	-2.0483777057751635
182	584	-1.771702294641691
184	23	0.7092374843386682
185	251	-1.9293345460278042
185	571	0.18384216594272249
185	629	-3.2974513986431013
185	954	-1.3882562124101578
186	318	-0.9911528048321133
186	687	1.0995185753316228
187	471	0.37483758551426094
187	569	-1.1586416404153606
187	659	-0.1566036009285578
187	834	0.9487297442473128
188	233	-0.8625303896939607
188	582	1.3169873067424198
190	31	0.11324333433515064
190	92	0.8247001648746677
190	268	-0.3973301821187237
190	770	1.7340107352742293
191	409	-0.8133491429291962
192	920	-0.5351214318637955
193	212	0.6534839865099146
193	257	1.8118843816859487
193	790	1.193807310052343
194	360	-1.2147467870570563
195	116	-0.872340569330504
195	215	0.9744889642584424
195	339	1.119821910519076
195	437	0.15291868842888584
195	889	-0.2425171016259115
196	173	0.44961529448503496
197	96	-0.8932075597594593
198	434	-0.46217590781219176
198	525	1.4351196689629646
198	755	-0.8625797393622583
199	259	-0.008503938836251935
199	358	0.22329180009689129
199	845	1.2138481752327013
201	219	0.6448040461503793
201	237	0.6089412540044514
202	931	-0.13165918922927997
203	604	-0.5719818877805474
203	627	1.13569067605081
204	352	0.8517253703369423
204	365	-0.4555515823054753
204	465	0.3846103901831474
205	329	0.01887650207075942
205	561	0.807231297992802
206	320	-0.9458844840730426
208	501	0.3157253544106873
208	734	0.09953220055537397
208	784	0.3472031536658569
209	593	-0.050814785976151876
210	101	0.26365044833242285
210	481	-0.8436023934094801
210	682	0.12509961834949493
210	874	-1.1352418858502866
210	887	1.0688223445485991
211	606	0.008633344596938524
211	741	1.2533708929793468
211	868	-1.6585661122932214
212	200	1.9025954089904873
213	20	-1.6830105083713414
213	313	-0.8821774092211796
214	826	0.5228788218938993
216	285	0.1398274267632588
218	226	-2.6905402575017967
218	410	-0.6387317739711985
218	666	-1.1036188019793385
219	29	-0.7540233059079501
219	42	1.3880396602725626
220	172	0.9893345417395549
220	721	-1.2931485672582397
220	989	-0.6051460737881361
221	243	-0.1378181062734172
221	312	0.007536477100403384
221	440	0.4959207791427272
222	468	0.8258882231411248
222	554	-0.037954415356101584
223	414	-0.17377179088805256
224	596	0.5972923045161901
224	845	-1.5353972600850498
225	219	0.287868875536546
226	5	0.5030144586951646
226	200	-0.052224453774580536
227	90	-0.30188767424059243
227	101	-0.12347166323798751
227	385	0.8395174824635337
227	667	1.0250157313937953
228	322	1.375161182950573
229	208	-0.041092111352665786
229	614	-0.19908178793755896
230	728	-1.7512700055770796
231	184	0.8906272164022081
231	192	-0.1121260251408392
231	479	0.6319782733223852
231	629	-0.2952673554292756
233	350	-0.7360630223437593
233	456	0.07493010289659406
233	537	-1.1919427927287876
233	545	1.9220263226038947
233	628	-0.4858133728672373
234	47	0.6755569649429269
234	408	0.17188159591283544
234	556	-0.32930360818654664
235	180	0.2635106324379664
236	255	-0.31005021706473607
237	186	-0.013591284529313727
237	380	0.03368091112502478
237	594	1.24325108229488
237	670	-1.1918011404984206
238	217	0.3266599025246764
238	434	0.16592323179848456
239	290	1.0693028543315706
240	174	-1.461258919960012
240	902	-0.00392707930371639
241	76	-0.32678871857243835
241	736	-0.024558762606071434
242	180	-0.050380180018287195
242	343	0.13222305844378568
242	423	-1.167675330618952
242	456	0.13620157149651885
242	642	0.17212273003622855
243	139	0.8585164380727232
243	655	-0.9111603880496694
244	58	0.15062022679124962
244	978	0.6323410149679237
245	975	0.91636529336744
246	821	-0.35905022467515757
247	194	-0.3748617940025833
247	267	-0.5408749310279267
247	948	-0.3736280054815573
248	465	-0.7988365340578891
248	507	1.4737186850703656
248	669	-0.4188830093300823
248	685	0.8741039766068412
249	233	0.11337841408441511
249	551	0.14241311239921636
250	243	1.0506941133589613
250	552	-1.329893679786839
251	185	-1.4536644440325572
251	338	0.17666186611797557
251	544	-0.37170946483717227
251	777	-0.589756931333613
252	672	2.289325247882148
253	751	0.5993360530105454
256	848	-1.3557251674546764
257	217	-1.7069202266658792
257	283	-0.028978704860604484
257	307	-0.01869190275940265
257	445	0.7207964390691629
257	746	0.36694876475537086
258	626	0.3801092788745487
258	716	0.48268458404044395
259	129	-0.027854858411593377
259	392	1.1174819971193843
259	517	-0.30934408277492625
259	874	0.07108000606944895
260	134	1.1688653794036281
260	302	-1.5743601103086575
260	330	1.2353201701222203
260	754	-0.5363278072285561
260	874	-0.18691791427279467
260	933	0.37316356435957987
261	21	0.5804667490465671
262	334	2.1787481675250966
263	74	-0.877700937340958
263	841	-0.860223700980551
264	770	-0.9164940156654162
264	901	0.33663729137273873
266	985	-1.6807603118054253
267	412	0.05855885010401219
267	445	-0.34897096522209264
267	471	0.4432374442720846
268	282	-0.581021632732514
268	294	1.0591168405877562
268	576	0.12243589502787994
269	232	-0.6918322908621072
269	836	0.6916409458559456
270	164	0.06623496409682869
270	396	1.4205679587306201
270	914	-1.6022436447236903
271	219	-0.44161316049190896
271	693	0.277868299830787
272	56	0.23082980598258637
272	366	-0.1732072112275152
272	424	0.9191135035718787
272	522	0.11988644231144344
273	837	-2.332846097059476
274	328	-1.7159871926066077
275	205	-1.483013534555894
275	679	1.1500816728856953
275	982	1.072268865646848
276	261	0.5861509220349995
276	345	-0.12886183537820506
276	453	0.09136812546149531
276	744	1.3664118047208516
276	811	0.5051127571730367
276	873	1.4005506291525442
276	892	0.52326618852531
279	310	-0.28463459355517134
279	507	1.2707489312797589
280	590	-0.01532837991484871
280	777	-0.5651999315217282
281	144	-1.33142097283802
281	546	-1.7380013405660093
282	899	-0.07169393769741701
283	462	1.0807617250524193
283	926	-0.42288282531857846
283	972	1.16682420220156
284	586	-1.2839581970972256
285	219	0.6390159842375297
285	975	0.17636223084258887
286	268	-0.6497722559489443
286	287	1.322985701973935
286	452	0.8002953096433683
286	680	-0.1290977207086578
287	258	-1.391101832866205
288	474	-0.772772980913943
288	720	-0.2234801667723982
289	361	1.1671073888278447
289	601	-0.5264517788189617
289	729	0.7981082663825365
290	47	0.6224681579285088
290	556	-0.4151666101027294
290	580	-0.7307197966764577
291	520	0.7370933718092246
291	573	1.0248097286988695
291	852	0.1549779151151572
292	861	2.24924195954205
293	538	-0.6397145851658785
293	543	1.2746089518709578
294	282	-2.2710737204333067
294	299	-1.1959316405243323
294	315	-0.6237492799063694
295	101	0.7675758640103788
295	481	0.051983218487224224
295	983	0.281936630855489
296	493	-2.1399209890828246
297	790	0.32140092675123766
297	951	-0.5772005387981742
298	31	1.0606745673076585
298	125	0.0023522777827176757
298	697	-0.323870373384625
299	131	0.3472030762746568
299	350	-0.7230703008466579
299	812	1.4164139584017703
300	348	0.2411676359204215
300	575	0.7283547707121643
300	639	0.5539204643910632
300	692	0.26609287914868857
301	615	1.7890547620376231
303	605	-1.0266190569795617
304	306	0.790796275526159
304	353	-0.8885346051783469
304	968	-0.9877228506820798
305	500	-0.6495401176886498
306	298	1.211862003692534
306	360	1.3440971743803973
306	611	-0.5873888525094977
306	775	0.029448977224863133
307	45	-0.5752448740828332
307	363	-0.12679144594202857
307	548	0.34487318886974017
308	12	0.4877254022073059
308	654	-0.6440544584746584
309	31	-0.37925236510164806
309	83	-0.7546248173213951
310	355	0.21017833634158276
311	439	-1.473587564472419
311	590	-1.1257480369570587
312	48	-1.6524248400062764
312	293	0.8819001395840264
312	437	-0.278058683039925
312	513	2.645484007299883
312	571	0.21655247139439882
313	76	0.22166253810086506
313	323	-0.3104965497771867
314	29	0.29398704126363384
314	85	-1.1857922213574397
314	132	-0.9736885914316553
315	548	0.7452519850851826
315	820	1.7334635596448662
315	993	0.6256191305413142
317	52	-2.591090816691324
317	335	0.9909171537216496
317	411	-0.4458669852723777
317	579	-0.8793685294526608
318	34	0.3277087287211097
318	50	-1.097927878078155
320	504	1.718569514224975
320	708	-1.143141099947718
320	984	-0.32227255082800343
321	291	-1.8861701660735168
321	633	1.1296852392270686
322	164	-0.6411631561639365
322	359	0.8929642588122193
322	971	-0.9388494849495538
323	134	-1.6571153939567118
323	187	0.23437972945894994
323	759	0.6331658882796012
324	48	-1.6715898818572494
325	359	0.009481217729655735
325	800	-0.0723058562761327
326	103	-0.2259217678254548
327	68	0.7533432653898123
327	422	-0.8126137836570817
327	433	0.053481573972051194
327	607	1.2114511347355676
328	138	0.15858195671655348
329	5	0.7615685901042925
330	887	-0.18724632634218902
331	703	-2.518283882389898
331	845	-0.8905007549333402
332	364	-0.728250022362066
332	458	1.328261288613931
332	559	-0.7483717489650732
333	397	-2.2627007008680993
333	647	-0.8313035561400953
335	129	-0.3029785442965783
336	165	-0.7041407220239851
336	413	1.353304064445883
338	276	-0.9643632029850615
338	439	1.469199822458153
339	362	0.9336453063159263
339	669	0.2412937686971187
340	199	-0.9318975140711825
340	270	0.6485921039638772
341	12	-2.083599943869691
341	16	-0.5558548937227535
341	521	-0.3976023057196726
342	134	0.7673380364763331
342	876	0.11298414270916388
343	141	1.3683272727988713
343	148	0.143518626724899
344	499	0.15058453201093233
346	269	-0.6379472564178419
346	486	-0.07293929398245746
347	56	1.699443032764106
347	194	-0.6329904014683314
347	235	0.8791783690845035
347	899	-0.5566122699260743
348	152	-0.7561786361429811
348	214	1.7797159493436316
348	327	-0.7758630674769804
348	337	-0.5500178652312725
348	770	0.768726990488507
349	719	-0.9021572155317644
349	985	-0.9288007547841624
350	563	-0.7917992637356739
350	733	0.2466160600584988
350	759	0.9900791913629323
353	77	-0.7297706986968027
353	467	-2.6909169807468367
353	702	-0.2370608651393444
353	872	-1.3903679045897162
355	820	-0.23377319771479108
356	43	1.5714154451290863
356	305	1.604296595929032
356	404	-0.2963762976037514
357	36	-2.2740233772391236
357	824	-0.4312544179396445
358	499	1.137129389565229
359	701	0.6496067788316975
359	857	-0.27336713532086615
360	172	-0.9139501183662201
360	952	-0.7998193623400285
361	297	-1.5740665518872494
361	738	0.8259744094231983
361	919	-0.7500318344994616
362	678	1.4181965067402054
363	78	0.24406772460755996
363	182	1.0605272762855746
363	955	0.4353480069937638
365	522	-0.06085860982076049
365	704	1.216622286720661
366	27	0.5407718417216358
366	111	0.47962442110684544
366	958	0.7085858015844565
367	184	-0.26344954686480376
367	507	1.8438248160250148
367	636	-0.546942154575557
367	999	0.35877957218965795
368	272	0.11976939277035363
368	480	0.4520115971994011
368	719	-0.8448781801562789
369	155	-1.8360343997485264
369	455	0.7586363318228172
370	43	-0.17999118683191864
370	904	0.715361351720338
371	337	-0.7743551163603313
371	349	2.562379237054837
371	867	-1.870792288585851
372	298	-0.5072829745058183
373	114	-1.1215078757417092
373	647	0.10994224011425155
373	960	0.9515361671934089
375	255	-1.4576522776330807
375	403	0.3830190385614016
375	434	-0.5160384702051725
375	502	2.042409717472598
375	600	-0.3591928054969195
375	659	1.7991735931732467
376	209	-0.06855123580526817
376	405	1.4699150827995988
376	542	-1.7866179602365584
376	986	-0.7328791637302446
378	611	1.9266401069485992
378	934	1.5864596287479409
378	968	-1.2015876431652737
379	87	-0.5251905138864951
379	662	0.2684030738184474
379	965	1.7620743908145096
380	519	-0.9413098223220727
381	13	0.652390136106745
381	549	0.6817500160237565
381	874	0.420240525738117
382	989	1.4082947063162372
383	7	0.24826432999446568
383	996	-0.12140829755462695
384	519	1.0099931368202184
385	541	-0.4154429980345073
385	568	-0.3893790392005253
385	679	-1.4855008600674666
385	832	-1.8588107059643748
386	440	-0.5515736801150274
386	561	-1.0514411122859864
386	575	-0.25211171976615915
388	291	-1.0631445024133623
388	694	-0.41862544961301623
389	369	0.33982891766581497
390	240	1.0417925431510144
390	904	-1.007479810276789
391	81	-0.928446803756846
391	143	0.8300991949068953
391	515	1.5953443830084488
394	39	1.0368257980929707
394	246	-0.6641983218712937
394	571	-0.544876487305611
395	296	-1.6790868349245798
395	899	0.11256378995099964
396	71	-0.6468964187756829
396	650	-1.1256435661586062
397	996	0.6669197758083286
398	24	-0.2806784333560701
398	495	2.3413018550311184
398	657	0.9800735915563533
399	390	-0.5166940019059252
399	716	0.4777443243131168
399	906	-0.7431352138254583
400	12	-0.3325266955741986
400	717	-2.0670923605764644
401	64	-0.1512460578837788
402	4	-1.3874286259677795
402	490	0.2595875543277566
402	828	0.08520642714922787
403	816	0.7907676441719776
404	41	0.794622584875124
404	529	1.0523727412418633
404	900	-0.9544026854957225
406	686	-0.9640787424511478
407	36	1.251480614079923
407	928	-0.7771114486882332
408	477	-0.538012400806582
409	336	-0.014231743746614903
409	866	1.3859891349816507
410	388	-1.405527751258434
410	412	1.0756950984250773
410	514	-0.84000029346381
410	522	0.13102719616667072
410	564	2.3185521949448904
410	803	-0.33627398598892155
411	220	0.4911529156045797
411	246	0.9754460979015855
411	609	-0.3456310325829453
411	994	-0.1819026652695741
412	913	1.0486762790571564
413	116	0.517994738851639
413	146	-0.7056720663284632
415	626	-0.6389113193365675
415	861	0.1994816732653521
416	467	-0.009404880178927794
416	942	0.07421054387392066
417	954	-0.8781383665739778
418	49	0.8641495860840499
418	248	-0.36374998567665806
418	745	1.8858953145993498
418	889	-0.363156567017177
419	293	-0.4302001960436662
419	965	1.4297801998514978
422	26	-0.8585824653212458
424	260	1.7775593380111168
425	797	-1.3759343420698162
426	198	-0.06018232021278011
427	54	0.549726242773008
428	247	0.33325833501060403
428	407	0.32119599718474695
428	814	-1.3597725148665423
428	859	1.7306927509498153
429	718	0.26426814409674537
430	411	0.4566071148937971
430	561	0.40871741425999064
430	681	0.7482234174736658
430	801	1.7474677257286917
431	128	0.8449076809736098
432	279	0.9530805096260766
432	602	-0.4248616563655205
433	112	-0.5263097348975246
433	218	-0.11106025424001996
433	295	-0.7412560013541485
433	359	0.9672444872919321
433	429	-1.337483335582849
434	343	-0.4754079090651826
434	398	-0.5695763256348336
434	598	-0.38608166705810903
434	941	-0.3063396755589247
436	192	0.24514383768377007
436	277	-0.14706995053882232
437	524	-0.510483452107839
437	641	0.19895786051166695
437	953	-0.523518313767964
438	668	-1.3283778475449504
438	743	1.8844040977527163
439	918	-0.3425153374412689
440	79	0.9080811124119105
440	293	1.6524532421285985
441	510	1.0102187253781658
441	552	0.9529162109036624
441	800	0.12471053744727395
442	798	0.5428666134440214
443	177	-0.22337231938918553
443	258	0.5427687447102875
443	443	0.1604373385247982
444	269	-0.24646987149473182
444	350	1.6368958783078262
444	427	0.1499625519610757
444	687	0.6481979428761658
445	392	-0.5115759542325466
445	738	-0.45511982512143706
445	777	-0.04238671435040483
446	126	0.35926387548305144
446	308	-0.23701922278244494
446	540	1.4855223465303868
446	761	1.5012620247577844
447	636	1.0668047924887185
448	452	-2.548738251356559
448	456	2.5297204677940583
448	622	0.3888773099559499
449	653	0.683270950384246
450	155	-0.31880253274382786
450	234	-0.0771581866362319
451	210	-0.5327382973634815
451	381	-0.7072343404019412
451	801	-0.2822563593594478
451	877	0.3389611331448284
451	922	1.0545203849974665
452	95	0.48465472140728577
452	367	0.12732442759457704
452	864	0.12895967802428676
453	220	-0.28269038408219416
453	326	-0.2232102141045945
453	764	0.5679250836303178
454	161	0.35885228628233196
454	474	0.281549315756741
455	24	0.7670702271133846
456	167	0.9473607769677234
456	758	-0.5820387795347318
457	479	2.074702220945814
457	623	-0.8977224596723725
458	199	-0.8465615763157349
458	231	-0.28658186037525546
458	297	0.8192530807609903
459	36	1.0857636162402897
459	170	-0.4632262591709823
459	663	0.20707298835402993
459	930	-1.1347044818964263
460	209	1.6626126290090357
460	378	-0.6850626539477231
460	763	-0.22117219788463902
461	339	-1.3345188180475505
461	750	-0.09421288222102674
462	407	0.9097829401758099
462	611	-0.13948965657303095
462	786	-0.10186906455503211
463	154	-0.25131121895090464
463	541	2.04933617303813
463	717	-1.5052053583651435
465	68	1.5502846711358673
465	790	0.1213006812772367
466	688	1.2183319995338289
466	702	-0.010619912675059797
466	736	-0.05210694524362627
467	123	1.0714270474008991
467	312	0.8308830891341429
468	428	0.10702826407568607
468	762	-1.6431409059517585
468	919	1.8830440152483148
469	33	-0.025454515333654712
469	360	-0.3497548607644154
469	999	-0.09526441851911088
470	554	0.8502342890078388
471	930	1.2816339779588581
472	422	0.03302987770004841
472	500	-0.39539748715945494
473	254	0.4419947397119592
473	264	0.5986340613012554
474	219	-0.6355928831281387
474	284	-0.527873840109524
475	132	-0.06404934646591698
475	695	0.24581270596157392
475	798	-0.649413921551484
476	411	1.7879330884914681
477	83	-1.491087006341568
477	239	1.698266701469593
479	118	1.004139342406976
479	261	2.0252891027629447
480	888	-0.7236148101223778
481	240	1.3862719669634174
482	875	-0.12383376023454952
483	116	-2.347373926514251
483	729	-0.4828921409808205
484	788	-1.0053325044468815
485	6	-0.4209131250051152
486	243	0.8382224495189303
486	553	0.45882122759314914
487	742	1.4712464219331656
487	769	-0.5805371355858997
488	396	-0.874181800998023
488	897	-0.3215750888572757
490	203	0.9491251983618652
491	69	-1.7944989232130049
491	522	-0.15726552316113412
491	573	1.2672626888332694
491	596	0.4618925329944963
493	867	0.8063585977069242
496	400	-0.2766407825010069
497	876	-1.0739806362247615
498	440	1.1262908492400363
498	503	-0.3549897169977639
498	997	-0.4140263367761346
499	96	-0.07222232784208979
499	242	-1.0840038166166275
499	647	-1.6632325840027378
500	252	1.2169544035012838
500	330	2.4612075891674285
500	690	0.8264916557376759
500	941	-1.228079059840899
501	955	1.593971131207756
503	38	-0.9031084514153302
503	168	-0.9803560227930579
503	184	-0.405083431927808
503	694	0.4431584095218378
504	188	0.5328358846118694
504	268	0.7457020311452601
504	754	0.13465291717840813
504	796	-1.1317320720315183
505	467	-0.3375221055251417
506	310	-1.9888515240071682
506	433	-2.2330632396906664
507	93	0.4694771682894925
509	41	-0.30452440541969633
510	965	-1.796474240319475
511	36	0.6028682502483266
512	391	1.10975840365378
512	432	0.04634080861992122
512	435	0.622655961448671
512	963	0.9086515358405914
513	698	-0.7755462409882761
513	905	-0.6404930870255678
514	42	-0.8103580034654295
515	347	0.13225967450046047
517	47	0.10685669628823656
519	155	-0.3352484942629284
519	536	-0.5833618305926833
520	226	1.1324302189719582
520	236	-0.2838144881065063
520	282	-1.518079046032483
520	868	-0.5295789992537518
521	883	-2.2484907754854873
521	901	0.10418077832949783
522	234	0.8345730729988874
522	789	1.175850101842937
523	359	0.1453218897835835
523	787	0.737779633048897
526	47	1.1237606438617054
526	345	0.1614799939325404
526	459	0.8969939485812135
527	707	1.2545377108394122
529	256	1.650531916412217
529	780	1.0811356326520065
531	650	-0.9172551189616595
531	701	0.21818131012988398
532	86	0.4963369596320142
532	119	-0.14420324029684906
533	111	-0.12315834057901374
533	124	-1.966466528046153
533	389	0.2494401728431952
533	585	1.838453860706337
533	861	-0.5271086413126433
534	294	0.27105241783679235
535	248	-0.8134719006404788
535	708	-0.7583269298850649
535	720	0.10198032642716655
535	786	-0.31968604070933626
536	218	1.2070058114130013
537	905	1.1002578982212627
538	469	0.4603564309211332
538	950	0.5941532782439345
539	433	0.3461985965601105
539	751	-0.4901287717952917
540	426	1.6700654042337084
540	654	1.593032200421304
541	687	0.8840092704982082
541	865	-0.653296750632578
542	416	0.5049672256631205
542	506	0.06675659332375196
542	996	1.373890946324292
543	218	0.9200137265129018
544	130	1.9118423593219749
544	826	-1.1671212116757672
545	298	-0.38512494501307415
545	637	0.5359184935774036
545	831	0.413718146854638
546	246	0.49136349262588486
546	347	1.3717938753946874
546	448	0.6970155271564755
546	541	-1.3917736927715103
546	557	-1.3871169819602598
546	756	-2.1614187279172143
547	973	-0.6127706280455456
548	872	-0.22166755430537935
548	961	1.9117676609731409
549	75	1.1453343166296233
549	752	-0.6872609427438906
549	932	2.698358963975086
550	258	0.484892938370073
550	391	0.7838638601197186
550	515	0.2261321705657062
550	683	-0.08403069148589898
555	167	-1.385049469418114
555	354	0.14620842379303625
555	786	0.7407777561474895
556	619	1.4864854413447235
556	685	-1.028642963262153
557	142	-0.1885428045631105
557	356	1.5726627496707324
557	681	0.3079878378445456
558	35	0.18006483255348948
558	981	-1.1862333741491662
559	344	-0.6658970375935065
559	373	0.47654611495257476
559	994	-1.0624517676645266
562	426	-0.25013421540935127
563	391	-1.1224082777979343
564	515	1.6155949036633883
564	654	0.03931706934731511
564	669	-0.25964680789161576
565	196	-0.7735037791686901
565	228	0.7108528791773666
565	337	-2.0662468913257537
566	147	-0.00846807798723572
566	756	-2.6829855937350993
567	139	0.3125222258969249
567	185	-0.2724448273735716
567	571	1.4966020802919822
568	50	0.3781246190893917
568	550	-0.28086721333343984
568	968	-0.5646402462115788
569	125	-0.8856678081941803
570	128	-0.7507531997947509
570	822	0.6932960867154432
571	49	1.023143652920275
571	94	-1.0738440068298165
572	203	0.7453704275161154
572	429	0.670400461167012
572	843	0.08583775715515261
573	53	0.38014295163648615
573	76	0.7885885046754029
573	204	1.3048007799666133
573	640	-0.5017741141700016
573	646	-1.6047278639632931
574	262	-0.3721491414541521
574	304	-1.2409783238822512
574	390	0.5343718523350952
574	599	0.04273261323192237
574	739	1.9440423837133067
574	946	0.5729705219650258
577	690	-1.654256251403833
578	427	0.016512745211788724
578	618	0.21546313378718362
579	278	0.996584967277965
580	139	-0.27520541659288844
580	201	-0.31456575778662
580	568	1.3698920766947498
580	830	-0.39926471075690584
580	834	-0.7464504887816514
580	897	-1.2247343034750096
581	332	0.6304065295609793
581	882	0.7792503896609011
582	363	-1.0622101301263398
582	854	-0.3485705817530668
583	37	0.6879727889500297
584	891	0.9465083025050675
585	670	-1.024012599773075
585	844	-0.13871204426937336
586	509	-0.3930188953368694
586	541	-0.5192043229906901
587	234	1.7860497429793387
587	312	0.03667193436095421
587	333	1.31867913611826
587	527	-1.5892132837360367
588	494	0.7868058750432877
589	54	-1.2812109865804753
589	715	0.32475171500382344
590	665	-0.04792371679605931
592	57	-0.2396511285771725
592	627	0.5376275895663261
592	679	2.391410165049627
593	66	2.431479304933889
593	588	0.6990628950448594
595	454	-0.6358052433343113
595	925	-1.6156965772105283
596	385	-1.1475098236374168
596	652	0.02558485088532443
597	395	-0.40653048233826417
597	557	0.24453382278952598
597	814	0.8724350317325194
598	734	-0.7862701702379643
599	632	0.31107006864815734
600	217	-0.47237089663675363
600	496	1.070570615427305
600	649	-2.364150232502228
601	206	0.12922131370412474
602	83	0.7299008706296647
602	728	0.6079839980334525
603	40	-2.150537987425729
603	510	-1.6065672630622372
603	674	-1.21111136956702
604	53	0.40111530506136617
604	167	-0.6064095790176656
604	568	-0.48049885566767625
604	770	-0.8024274403660525
605	266	1.2725154998756156
605	796	1.1221116789772498
606	986	-0.345274235543883
607	136	0.3735548506234007
607	202	0.32162122884219596
608	26	0.6761021209695823
608	896	2.02643867811659
611	247	0.8217157067643972
611	306	0.9335397010277141
611	522	-1.7226041603119255
611	789	-0.014582877747280964
611	895	-0.11582663935023939
612	666	1.5345364402563093
612	971	-0.7112617439321642
613	117	0.9918469112275579
613	728	-1.363012162058274
614	254	-1.5583498543936547
614	588	-1.9535363175468419
614	605	-1.9076120951379654
615	123	1.7620802005783196
615	305	-1.9889296857021916
615	464	1.913811764475069
615	486	-0.2935835482560642
615	692	0.37974666578062755
615	894	-2.4084364122877533
617	214	-0.8381630692053282
617	362	0.6834424141961273
618	16	0.8724858557042543
618	150	-0.16685538269561098
618	235	0.46110710224307366
619	274	0.708097817590523
620	658	-0.28382016196321047
620	956	2.138909202992179
620	971	-0.5961626658801662
621	625	-1.0106523179444424
622	16	-0.43439665526034216
622	129	-1.0876492256186276
622	822	-0.38077271343476327
622	912	-1.0427508504584606
623	544	0.7434235956396669
623	798	2.2048568172928684
623	859	-0.4448502662266492
625	375	0.8247003717580289
625	494	0.35862159146794126
625	593	0.037690707770060825
626	34	0.9912659710939998
626	144	-0.6145021873067288
628	189	-0.5768583058772125
628	440	-0.8938030258706566
628	624	1.8134710623806427
628	698	-1.2747243294741526
629	634	-1.5227921593320846
629	803	0.6503934867099475
630	84	-0.19307723402416832
630	604	1.6414265527903735
630	842	0.8902626341990953
630	859	0.7663812736984196
632	815	-1.172447741598579
634	992	-0.9139577682508488
635	313	0.2943434170838976
635	795	-1.0935104343630593
636	87	0.3697190297094369
636	320	-0.1122319913190184
636	726	0.29993557931821363
636	888	1.639950091860117
637	732	0.7775374304983022
638	820	-1.4159927931401255
638	835	-1.2732749402425545
639	58	1.3091378895124897
639	208	0.3324222103531675
641	584	-0.07978149756397397
641	932	-1.201736757681823
642	23	-0.10595856124289624
642	48	0.45375432867569837
642	912	-1.2670097468523744
643	260	2.49657881322421
643	266	1.5988393356373902
644	77	-0.07626099371278695
644	487	0.03686188482011319
644	738	0.4026618222688181
644	886	0.17439828982040348
645	23	-0.34799087828442393
645	782	0.33083256207627215
646	634	1.4863632759756595
646	750	-0.35450508775046546
646	935	0.19217100137745638
647	206	0.9087224916690532
647	896	1.1732950636623773
648	133	2.0657248137113116
648	291	-0.9054936301966412
648	521	1.2641600379107873
648	529	-1.31488538765661
648	669	0.7333751432757056
648	800	2.028782525647986
649	66	-0.4345193203635588
649	357	1.5178958606018331
650	114	-0.4333531831609533
650	421	-0.5675177944338665
650	626	0.2579781245155681
651	31	0.015209147517240985
652	148	-1.4987332504787652
653	320	-0.6593509185024387
653	405	-0.9377817757318978
653	841	0.09527602491042513
654	54	-0.3392902693513116
654	431	-0.27482885862332623
654	926	-0.4113331969833686
656	520	-0.9585301530330458
657	210	-2.759130737521861
657	499	1.216416012256189
657	506	-0.47824123731054613
658	244	-0.14812072127544515
659	43	0.28767703072122625
659	124	0.5013653343527198
659	207	-1.4422664790922615
659	584	0.07028921569994394
659	673	-2.6995751987755487
659	786	0.8977888572950024
659	842	-0.06301118214983989
660	359	1.3702312659194797
660	528	-0.39759590425644337
660	811	-0.8688686345978937
660	909	0.7512078495118109
661	722	-1.6099191321444593
662	21	-2.555584543232514
662	111	0.1243202258076892
662	380	-0.6083808753932377
663	103	0.4215954244025305
663	184	-0.3008064416617394
664	693	-0.9693832683946089
664	974	-0.14259267508143597
665	539	-2.0347256068622173
665	618	-2.0407918852338214
666	718	-1.187482777962643
667	89	-0.6904759288224646
667	860	0.553936887651285
668	462	-0.3117494125984831
668	532	-0.955662619831071
668	855	0.31690887750607605
669	443	-0.31948207526357153
669	556	0.8129447495890236
669	662	0.7910484561134381
670	810	-0.8272388016910376
671	561	1.6998614283661657
671	725	-1.5733081815714027
672	727	1.765663506558649
673	310	-0.1417368093431494
673	915	-0.86732084169343
673	938	0.5890479379507828
675	187	-0.46294938107445704
676	273	-0.9717860718752775
676	312	0.4653027565463662
676	679	-0.336257118083101
676	696	0.979148655397503
677	14	1.0877963391085805
677	264	-0.7190756733283931
677	524	1.5006763702181833
677	696	0.4391275163566057
678	273	0.9394250715559871
679	224	-0.10592589514402137
679	301	-1.5496080422504326
680	162	-0.1484534085177024
680	448	0.5498724127216474
680	780	0.21159764089760258
681	140	-0.2976639642391223
681	260	-0.7556071127473747
681	595	0.2559000591912082
682	425	1.3005440356964393
682	700	0.42502909184985865
682	972	-0.45221335845490795
683	46	-0.5535244694224407
683	133	-0.9131164904104523
683	416	-0.8272227516216832
683	444	0.2629601960950034
683	482	0.30508701319184683
684	280	-1.130905780519019
684	792	0.23678575118717837
684	998	0.31865918620192535
685	173	1.5680650436283392
685	194	1.889381492287873
685	658	-0.022149662096441973
686	143	0.4486939909449729
686	171	-0.22020755422487365
686	389	0.27874732321971113
686	903	-0.7184956334566693
687	445	-2.2667292309541267
687	955	-0.32659442074191425
688	67	0.035791895958117534
690	120	0.515712901489908
691	170	0.031045590650192287
691	377	1.4715350233017976
692	431	0.49425201052943984
693	76	0.2203399048698674
693	111	-0.8526395269554844
693	487	0.13586493669299024
693	586	0.06313581748281911
695	428	-0.098116700743846
695	608	0.12597018223358109
695	747	0.6660832770815148
696	33	-0.012112101881665945
696	164	1.7749517813445155
696	838	-0.6002775105134072
696	840	0.12587268167295504
697	75	1.0710924650795302
697	147	1.218405933999999
697	991	0.28808236035505025
698	151	-1.7616751871921918
698	564	-0.4501681063781553
698	935	0.20242061877444592
699	70	-0.691194051375983
699	522	-0.6219363516175622
700	176	1.5702207427417334
700	191	1.4718486059675895
700	383	-0.647785024009055
700	454	0.2739089051526776
701	334	-1.2067604158249763
701	614	-1.6843441013653522
702	681	-2.5212607613144846
704	742	-0.43526514671004507
706	966	-0.6443318430435406
709	355	1.3429274622374072
709	835	0.3528515793994556
710	68	-1.0169862518760242
711	183	1.395331867752306
711	218	-0.13421517445224096
711	342	0.3407184077606074
713	167	-1.4887716336799637
713	589	2.9004827206185517
715	35	0.9293912650249211
715	112	-1.8310312881524553
715	192	1.4345284074136395
715	247	-2.412968570631132
715	516	0.35392174975777524
715	765	0.7095422541537306
716	853	-0.4127091214770526
717	164	0.341320903981305
717	259	-1.165704920340568
717	511	-2.3801142826751893
718	820	0.8702730396711194
720	87	-0.002159605898096767
720	697	0.5422632993728541
721	224	0.9100423329862928
721	381	-0.9449339548227881
722	150	-0.10106524396143444
722	508	0.9583367939167478
722	846	0.8773754615725465
723	459	-1.026780364728856
723	619	1.6072754531602425
723	954	0.5948603864892866
723	978	-1.1452355048002483
724	244	0.6394325684196287
724	931	1.7740581916191709
725	815	0.5852830396565678
726	4	-1.6266332787602444
726	341	-0.7829066207769735
726	646	1.43079956411183
726	954	-0.8515871310685404
727	817	-0.20925974192362767
729	202	0.15029988868676267
729	594	-0.0273386802860837
729	753	0.7450609633902964
730	204	-0.3540622457760583
730	745	0.28199291728468734
731	561	-0.2536722391317156
731	633	-0.3887989585262312
732	128	0.10271770279620895
732	868	1.129683647000826
733	415	0.06716821624393378
733	554	0.6741132601870609
733	582	0.09038953353375168
734	0	1.4626609445027121
734	230	1.241223263567402
734	651	-0.14787911658134453
735	198	-0.16307572799911574
735	525	-0.3760012442748013
736	787	0.47900650000621575
737	446	1.0572328733211611
737	551	0.022817530604477408
737	582	1.9073834988870475
737	762	0.8234025789200863
738	570	-0.037182985832432916
738	989	-0.5107233449045269
740	379	0.3502455877551579
740	652	0.3225553165985782
741	367	0.5799696141035465
741	772	1.3010599342284168
741	884	0.3577981502441785
742	281	1.1355592994720938
743	838	-0.2363417526508066
744	332	-1.506656482550714
744	451	1.702785473047372
745	837	0.7203141545914131
746	741	3.260087847481423
747	546	0.11973731058011246
747	804	0.6189727143184041
747	924	0.4995852491675916
748	85	1.9714765262268286
748	356	-0.8028367597576102
748	476	-0.8593393046954434
749	494	0.14892583874243986
749	689	0.7055995905341854
749	745	-1.3342253707146332
750	418	0.1545905408002382
750	437	0.766394446855467
751	261	1.363829834222661
752	56	-0.2801877393800323
752	125	0.4924372818576221
752	453	-0.6704208236585008
752	838	0.00385514199739666
752	910	-0.5845937773650741
752	939	1.1685099590872172
754	401	0.20194694109202116
754	662	1.0774302700834255
754	723	-0.061135310682164976
755	638	-0.11843680539157532
755	927	1.1404408980370382
757	447	0.2874755405775018
757	824	-1.7219390253561864
758	446	0.3226108840179053
758	595	0.062399223140989356
758	622	0.46348835850783215
759	217	-1.7910369386751763
760	956	0.222510057855071
761	257	0.054872525531551156
761	571	-0.11813660333967178
761	910	0.7844421095469367
761	942	-1.1486142948667923
762	61	0.19047204657508415
762	944	1.13430036729527
763	53	0.0937785389011188
763	140	-0.4403087191528664
763	982	0.5980161653918336
764	817	-0.3486675051442525
765	261	-0.09479913063549904
765	533	-0.08743222568765473
765	581	1.861646005325124
765	602	0.40977438461401233
765	644	-1.2131444927248873
765	975	1.4700240800077804
766	897	0.23566879397801055
767	625	1.577531992865948
767	694	-1.3136623553079596
768	278	-0.6868437121950353
768	785	0.21880826354893795
768	834	-0.8085933640725532
769	189	0.11895822457494129
769	243	-2.2740688186606617
770	80	0.8019081572446788
770	300	-0.04915291433439314
770	401	-0.950866136509835
770	951	-1.430363952509398
771	604	2.1317391632967957
771	927	-0.007667986570149299
772	95	0.09766378587841468
773	323	1.2277298570085882
773	733	-0.52541021240418
773	884	-2.1435244555612094
773	913	-0.44319521132010353
774	43	0.8252281152026587
774	950	2.7093446355951625
775	435	-1.591510276265342
775	690	-1.639574400803341
775	696	1.3368819348009913
776	302	-1.300718973116016
778	198	1.2613813574242325
778	405	-0.6577007376526005
778	446	-0.5561300339977548
778	859	-0.576184409501242
779	145	0.219792478925481
779	484	-1.0288529352033686
780	137	0.13496596794728863
780	202	0.6616513198458628
780	686	2.001428801974118
781	237	1.027449289577479
783	78	-1.9754325080654502
783	241	-0.608080054440221
784	421	-0.578102672851138
784	615	0.8650938645511241
784	800	0.3648297800135477
785	412	-0.7281444403256663
785	687	-0.29197196706849615
785	842	0.13687421261655092
786	11	-0.030350010306937493
786	17	-1.0275971203085745
786	404	-1.1478162311310798
786	492	-1.7423595686385491
786	647	0.7169863593210191
787	326	1.4346924320556989
787	338	-0.503281489078319
787	810	-0.901945720285119
787	879	0.2457548592827326
787	890	-0.836594752197352
787	937	0.5628301820427529
788	256	-0.5944034464829426
789	431	0.05128268441078667
789	538	0.8410791623484339
790	172	1.2673682560214923
790	670	0.7161458235275817
791	36	0.0031728082880273195
792	720	-1.2280366955356337
792	856	-0.5773068605153887
793	167	0.620744464874019
793	269	0.9082394827036882
793	279	0.40387285754639235
797	686	-0.12753314862189855
798	484	1.248435650242168
798	799	-0.10962219879171277
799	316	1.4703221972869023
799	845	-0.3157145062481108
801	33	-1.349753593293049
802	509	0.26639870671133087
804	407	-1.3956008548639314
804	586	0.9423638754775097
805	489	-0.522412125561715
805	674	0.2919271305328209
805	787	1.167635632687396
805	931	-1.5751226278162869
806	201	-0.02810803799617059
806	398	1.8949066171662856
806	844	-0.5808452739793127
807	498	0.22333411439967937
809	354	0.1425504814621584
810	137	-0.05934812112975153
810	647	-0.2255379197186129
811	90	0.4807115774512515
811	120	-0.6643375932743034
811	411	1.1371298561370524
811	536	-0.9810190459721023
812	90	-2.0394003011649753
812	393	-2.0220001931957006
812	662	1.46379342994553
813	1	0.8107710310891841
813	120	-1.1468093113979838
813	199	-0.7774229097666179
813	307	-0.32018480595125387
813	334	0.47060624081442776
813	550	0.4097151702591593
813	629	0.836169430645561
813	931	1.4401315410206197
814	179	-1.526846447137975
814	306	-0.42635377139824826
814	622	-0.3208755265066807
814	917	-0.6408493793552839
815	34	-0.5296466167064563
816	177	-0.19520537788084044
816	903	1.3858552255082641
817	940	-0.5182785807715035
818	184	0.5731392911771901
818	966	-1.4979112597222246
820	34	-0.1622534033597569
820	81	0.10991403508060918
820	129	0.5294523145364238
820	220	-1.5699295244609897
821	224	0.9539231459874291
821	523	-0.7580432890220603
822	335	0.6187724683581629
822	433	1.3308020948733346
822	842	0.45540417265987215
823	140	-0.9062090582957889
823	393	0.1009529028373244
823	504	-0.46349861230142664
823	959	-1.0016991186374102
824	803	-0.6524205030263783
826	884	-0.8783681094902824
828	592	0.3889296950635255
829	40	-2.2033475593611436
829	843	-0.8182190117129114
829	889	1.3410778485083563
830	124	-1.6076221059683575
830	162	-0.04580571156498639
830	308	-0.35294575971871
831	532	0.5680816909538523
831	747	-0.30838355857425365
832	223	0.2278168363920455
832	245	0.17295732609169356
832	505	0.9571008424846628
832	784	-0.7486801889363184
833	314	0.3317423320449703
833	384	-0.29730828600933124
833	829	-1.929014686462534
835	96	-0.10130347210237495
835	859	0.5617034876458045
836	110	-0.19914399112524775
836	297	-0.4531509774881717
837	55	0.08913975802713388
838	0	0.25456433791397537
838	116	-0.48499635634602967
838	304	-0.9613920198274918
840	201	0.2714110811942573
840	817	-1.9208158375526405
840	873	1.466390038444437
842	488	1.7638046558583698
843	335	0.3684637340146596
844	874	1.0377141203434121
844	930	-1.0981413821761838
845	685	0.5428619427953294
845	787	-0.7991746500381678
845	904	0.6514829231880334
846	67	-0.19359476155540248
846	320	-1.1260143234047522
846	342	-0.3878630848570039
847	360	-0.7109170159833397
847	582	-1.6664618097221724
848	32	1.2382835227761864
848	355	-0.8767597440640267
848	857	1.886714654636981
848	897	0.7091711674931819
848	914	0.3448067974179975
849	728	-0.35875882361631317
849	865	0.28404429284341576
850	197	0.5972915143167281
850	701	-1.7603697550878885
851	268	1.3638049706223092
851	409	-0.02833446048536402
851	593	-2.5583494407219844
851	600	-0.572190912269369
851	860	-0.39555942427176183
852	234	-0.3124347428908083
852	240	-1.14834278431449
852	279	0.7427113418484108
852	328	-1.622902460293282
853	187	-0.10188370100185419
853	480	0.43610521756033604
853	698	-0.6406837066029624
854	383	0.561198583003134
854	576	0.17417751166775272
854	881	1.8417302065321013
854	926	-1.3903461470648144
856	69	0.3940518268421211
856	119	-0.43583491586979856
856	649	1.1717084477989628
857	20	0.6409838570518414
857	122	-1.2238177269082422
857	452	0.8011599632288161
858	288	-0.20925632324530294
858	759	0.8960380267105584
859	172	-0.17249494196497528
859	331	-0.5176088679879046
859	997	-0.9439850803191795
860	161	0.9184557546759302
860	655	0.010150523778058843
860	769	-0.7794194305117921
861	343	-0.5953682078762123
862	38	0.15752809644113006
862	224	-0.033342724038838034
862	598	0.16051249834812994
863	369	-1.065274624454714
864	418	-0.18788824348185965
864	473	-0.6574821837966293
864	648	0.8833613688906669
864	902	-0.2300752380159844
865	110	-0.39139540815997786
865	316	-0.7560072552875242
865	425	0.7179764588040807
867	106	1.2882464026871254
868	229	1.004287067895054
868	587	0.12289629316419533
868	733	0.2688326248634539
869	267	-0.6805046280772816
869	391	0.00496468942531464
869	579	0.2443300691209081
869	861	2.3667573242102384
870	327	-1.3466937725773167
870	847	-1.1274696243749283
871	461	-0.9099140760298093
872	159	-0.22551883209936147
872	873	1.1063838282273126
873	158	0.8194735085060579
873	209	1.495522615184752
873	294	-0.06584262459125713
873	903	2.137351018858781
874	108	-0.16417582986181775
874	227	0.3983587886342356
874	423	0.05362856674241885
874	572	-0.4757508823971973
874	870	-1.5806352737092757
875	563	0.3769409157651276
876	42	0.29484440991104327
876	251	-0.3434548447682406
876	382	0.25130971992258333
877	306	1.6445732612134272
877	992	0.8059246139430792
878	714	-1.7295524316522621
878	782	0.3356597368077187
879	337	-0.22068658966031748
880	448	0.7022502558724526
880	665	-0.6449176404577284
881	302	1.5317410471526218
881	734	-1.148895721912926
881	789	1.600787980624009
882	2	-0.18693907941685137
882	718	-0.20412603835012408
882	743	0.4881498204477971
882	978	-0.25074858421602064
883	457	-0.019169223494835658
883	658	0.1772927746166813
883	753	0.22234811446532446
884	649	-1.4454773066379762
884	740	1.0761556000963561
884	973	0.925500485674009
885	206	-0.8053913564073861
886	180	1.2453952542071596
886	691	-1.030565293156361
886	855	1.892863858767784
887	672	0.5125479802053096
887	842	0.023085189438090174
888	591	-0.8000700740254426
888	650	0.5608193140486787
889	786	0.5386558684547463
890	271	-1.835258872081063
890	605	-0.3629464875637899
891	134	-0.6164306778045209
892	504	-1.3621722977828947
892	752	-0.3993425609129004
893	238	-1.2954511773967659
893	954	-0.915096102306555
894	281	-0.8271682790036711
894	390	-0.23683570719674854
895	38	-0.5852861287085526
896	981	1.1767933358583462
897	213	0.44394503313317346
897	519	0.5761112389090496
897	612	-0.36766413235289586
897	673	-1.0206894672974323
898	122	1.5921236540431496
898	237	-1.4212788313464924
899	336	-0.41039441721595743
899	617	0.4948001991636284
899	635	1.4466383192879404
899	938	-0.40785319149864246
900	533	-0.37542808899822894
901	348	1.9994562872373942
901	911	1.0805441308034283
901	988	-2.4943746561653235
902	166	-0.12021721010220403
902	435	2.065834035359931
903	135	0.4569993581121107
903	191	0.12211198715762915
903	387	0.8984357317762242
903	467	-1.2953329338784636
903	859	-0.1499249133089734
904	463	1.1974487888014238
904	625	1.0623193088122473
904	684	-1.3366158293012427
905	327	-1.9371219632153387
905	437	-0.25487979837901226
905	666	-0.39244029005978026
906	353	1.399787842420001
906	673	0.308762621652196
906	959	-1.0919181624296055
907	277	-0.2700593803157632
907	278	-0.3047509795755322
908	26	0.01220206634080658
908	112	0.8478617452133218
908	312	-1.166084846309438
909	26	1.0803015996840182
909	470	-1.2893908108853067
909	762	-1.462349280196477
910	97	-2.286864260892092
910	527	-0.30649223759137273
911	204	2.103343858799683
912	144	-1.5036980020515707
912	631	0.3355449509947448
916	897	-0.8339832695753012
918	643	0.24334958298510365
918	679	-0.745080551881966
918	817	-0.6615970949253211
919	14	-0.292255296146519
920	68	-1.3731213091552246
921	321	2.0349214237935622
921	408	2.040047530094066
923	43	-0.6376339335027977
924	60	1.2105622638759619
924	597	-0.22124426615324674
925	971	-1.8593817583860601
926	701	-1.374351911786677
927	44	1.7451111761467446
927	157	0.9488492570810942
927	304	0.39895424405266683
927	679	1.4180106670883093
928	201	0.6535203591457265
930	416	-0.10771715512144749
930	682	0.05100593990921382
931	777	-0.43835854394582163
931	884	-0.8796393245636555
932	43	1.2324809490972337
933	473	0.655626999597724
933	662	0.4522456834227968
933	774	-0.33170219318663874
933	784	-0.8269285933029884
935	107	0.9598731403260666
935	391	-0.3745665483985558
936	125	-1.8339132686491537
936	811	0.43126316874972553
937	446	0.7148520139328999
938	554	0.4267383607495281
938	735	0.43552852433867756
938	850	2.460683717306135
938	872	1.4050945899581553
940	703	0.504417023331941
940	925	-1.6551172145548112
941	40	0.06931300914049676
941	86	0.38281473880381883
941	145	0.75826722945439
941	323	0.11614121145859428
941	517	1.0716347619835438
942	58	-0.15350869823772945
942	494	-0.6731397469770835
942	583	0.20153264591233777
943	297	-1.214609205478309
943	453	-0.8619929719669869
944	481	0.2773962309516273
944	777	-1.3255286779958824
945	530	0.053609358873083574
945	712	0.23437443959969204
945	831	-0.7837978750917035
945	848	-0.281724717210265
946	141	0.38854180059053267
946	203	-1.4381342016077145
946	234	1.3746251305446862
946	915	0.5525698320948844
947	537	-0.8627672757447142
948	384	-0.3897560960430934
948	402	0.33420437499857697
948	405	-0.45237371903575035
949	714	0.046098619582813215
950	666	-1.3083873468082587
950	839	2.0176497276809013
951	340	-0.6814508061927407
951	842	-0.3052600643072623
952	116	-0.2655042181234771
952	266	-0.14331561892543998
953	94	-1.1007402543565423
953	230	-0.2588882692340514
953	280	-1.7642208374784465
953	286	0.7427192261822337
953	501	0.36362470178997747
954	501	-0.9027221939265008
954	916	-0.2667154789113864
955	551	1.5761874154869513
955	934	0.943424064781578
956	159	1.1538196683312456
957	732	2.036293909764518
958	515	0.5248532736765764
958	517	1.2772526680646725
959	26	0.12200160385186128
959	545	-0.5361014906862924
960	353	0.00183533964849502
960	674	1.4485549096088062
961	53	-0.6980684676592931
961	499	-1.4852220011504302
961	775	2.3420831330944307
962	803	1.1514084640205675
962	939	-1.148059270014824
963	59	0.3362395805555021
963	439	0.5274867461832402
964	709	-0.824985898674036
964	778	-0.10838946512970139
965	763	-0.42242625555430346
966	336	0.7410670722497534
966	371	-0.29820958646175966
966	558	-0.14796749654841768
966	675	-0.5575418898160147
967	472	-0.7706327131819894
967	526	1.4079757769851622
967	551	0.28158957806198875
968	439	-0.18747290961017007
968	518	-2.013093478407208
968	879	-0.8294421506080905
969	133	0.4007173932286633
969	168	-2.0492750944875278
970	234	-0.3441415300264537
970	731	1.0667082306726208
970	935	0.40451856086198945
971	479	0.23289906954791365
971	907	-1.351116016431155
972	450	0.03891257778978879
973	265	-1.4485211525242943
973	493	-0.6512384344247282
974	288	0.12870755454543276
975	568	0.9101661777238678
975	983	-1.0895767090998854
976	401	-1.41564388922013
976	599	0.2284185645604065
977	564	-0.11893928256517042
977	732	-0.598687587688107
979	318	-0.38379038358165957
979	451	-0.5054395583977794
981	139	0.07259918598837048
981	795	1.9140087570896687
982	381	-0.03370349546206497
984	893	0.20145849359719814
984	986	-1.6563651103915826
985	4	1.197769318937211
985	198	0.2699460854980859
985	796	2.177352637866526
987	95	-0.11808462474609546
987	309	0.0980739341941555
987	887	-1.0798487687425637
987	967	1.3536270313778371
988	431	0.19162049487033672
988	784	0.6087615955388124
990	400	-1.9110382371776933
990	892	1.5486535140618196
991	73	-1.357484102506201
991	734	-1.1896601822133999
992	755	-1.3807035855385368
993	743	0.9136518778825327
995	44	1.3306906277471369
996	34	1.6902476894393061
996	897	-1.1946739989215949
997	348	-0.6991228437429436
997	538	-1.739933846214071
997	836	-0.042469659340217625
998	325	0.06787540208335274
998	440	-0.7178330154945749
998	444	-0.603565354279516
999	156	0.9844120480625129
